0
1	24	25	26	27	28	29	30	31	107	108	109	110	111	112	113	114	115	138	148	149	191	192	193	196	197	223	224	283	284	285	296	297	352	353	402	403	404	405	409	410	411	412	413	414	474	475	476	478	479	480	481	482	494	535	570	571	572	573	581	582	586	587	635	636	652	653	676	677	678	751	755	776	777	781	783	784	785	786	862	863	864	1260	1261	1275	1276	1277	1278	1279	1280	1281	1297
2	22	23	116	184	185	186	201	202	336	337	338	339	575	588	589	590	709	710	711	712	713	714	715	789	790	861	866	1109
3	20	21	47	72	117	118	119	120	143	144	145	146	175	176	178	179	180	181	182	183	187	234	235	248	275	276	277	278	279	313	314	315	316	328	329	406	407	408	461	467	468	469	470	471	472	473	477	542	543	544	545	546	547	548	549	550	551	552	553	554	555	556	557	558	559	560	561	562	563	564	565	566	574	601	602	603	607	608	612	613	614	615	621	622	623	640	641	642	643	644	645	646	647	654	655	656	657	658	659	662	663	664	665	666	667	668	671	672	679	680	682	683	684	685	686	718	719	720	726	727	728	734	735	737	738	739	745	746	747	749	750	768	769	771	772	773	778	779	780	782	788	794	795	796	797	798	799	800	801	802	803	804	805	806	807	808	809	810	811	812	813	814	815	816	818	819	820	821	822	823	824	825	826	827	836	875	876	877	878	879	880	881	882	883	1022	1023	1024	1187	1223	1224	1264	1273	1295	1309
4
5
6	12	13	14	32	33	34	35	36	37	38	39	40	41	42	43	44	48	49	50	51	52	53	54	55	56	57	58	59	60	61	62	63	68	69	70	71	73	74	75	77	78	80	81	82	83	84	85	86	87	88	90	91	92	93	94	95	96	97	98	99	100	101	102	104	105	106	121	122	123	124	125	126	127	129	130	140	141	142	147	150	152	153	154	155	157	158	159	160	161	162	163	165	166	167	168	169	170	171	172	173	174	188	189	203	204	205	206	207	208	214	215	216	217	218	219	220	221	222	225	226	227	228	229	230	231	236	237	238	239	240	241	242	243	244	245	247	249	250	251	252	253	254	255	256	257	258	259	260	261	267	268	269	270	271	272	273	274	286	287	288	289	290	291	292	298	299	300	301	302	303	304	305	306	307	308	309	311	312	317	318	319	320	321	322	323	324	325	326	327	330	331	332	333	334	335	346	356	357	358	373	374	375	376	377	378	379	380	381	382	383	384	385	386	387	388	391	392	393	395	396	397	415	416	417	418	419	420	421	422	424	425	426	427	428	429	430	431	433	434	435	436	437	438	439	440	441	442	443	444	445	446	447	448	450	452	454	455	457	458	459	483	484	485	486	487	488	489	491	492	495	496	497	498	499	510	511	512	513	514	515	516	517	518	519	520	521	522	523	524	525	526	527	528	529	530	531	532	533	534	567	568	569	576	577	578	579	583	584	585	591	592	593	594	595	596	597	598	599	600	604	605	606	616	617	618	619	620	628	629	630	631	632	633	634	669	670	701	705	706	707	708	717	722	723	724	725	730	752	753	754	756	757	758	759	760	761	762	763	764	765	766	767	774	775	787	837	838	839	840	841	843	844	848	849	850	851	853	854	855	856	857	865	867	868	872	885	886	887	888	889	890	900	970	971	972	984	985	986	998	1015	1028	1045	1046	1047	1048	1049	1050	1051	1052	1053	1054	1055	1062	1067	1068	1076	1077	1078	1079	1080	1081	1082	1083	1086	1087	1105	1140	1141	1142	1143	1144	1154	1170	1216	1225	1245	1248	1257	1262	1263	1285	1289	1290	1291	1296
7
8
9
10	209	210	211	212	213	398	399	400	401	490	873	884	940	999	1000	1001	1002	1003	1025	1041	1110	1152	1210	1211	1286	1292	1293	1294	1298	1299	1300	1302	1303	1304	1313
11
15	16	17	18	19	177	232	233	264	265	266	342	343	344	345	348	349	350	351	462	463	464	465	466	661	681	687	688	689	690	691	692	693	694	702	703	704	721	736	817	858	859	1034	1035	1175	1176	1177	1178	1179	1180	1181	1255	1268	1287	1288	1305	1310	1314	1315	1316	1317
45	46	128	262	263	493	729	830	831	832	833	834	835	845	846	847	1070	1071	1072	1096	1156	1157	1158	1171	1172	1306	1307	1308
64	65	66	67	389	390	609	610	611	637	638	731	732	733	748	770	869	870	904	905	906	921	922	923	924	925	926	927	928	981	993	994	1008	1009	1010	1011	1036	1037	1073	1074	1075	1084	1085	1103	1104	1107	1118	1119	1120	1134	1149	1150	1151	1153	1159	1160	1166	1167	1168	1169	1185	1186	1188	1189	1195	1196	1226	1227	1228	1229	1239	1240	1241	1242	1243	1244
76	995	996	997	1125	1126	1127	1128	1129	1130	1131	1132	1133	1221	1222	1246
79	89	194	195	246	280	281	282	293	294	295	340	341	347	354	355	359	360	361	364	365	366	367	368	369	370	371	372	394	460	624	625	626	627	639	648	649	650	651	660	699	740	741	742	743	744	791	792	793	860	874	899	942	943	944	945	965	1020	1021	1095	1108	1148	1253	1254	1256	1266	1267	1269	1270	1283	1301
103	164	190	310	362	363	432	500	501	502	503	504	505	506	507	508	509	580	892	893	894	895	896	897	898	901	902	903	916	917	918	919	920	929	930	931	932	933	934	941	950	951	952	953	954	955	966	967	975	976	977	978	979	980	987	988	989	990	991	992	1026	1027	1029	1030	1031	1043	1044	1056	1057	1058	1059	1060	1061	1064	1065	1069	1090	1091	1092	1093	1094	1099	1100	1101	1102	1106	1113	1121	1122	1123	1135	1136	1137	1138	1139	1145	1146	1147	1173	1174	1182	1194	1217	1252	1271	1272	1274	1282	1311
131	132	133	134	135	136	137	139	907	908	909	910	911	912	913	914	915	935	936	937	939	946	947	948	949	968	969	973	974	1032	1042	1063	1066	1111	1112	1114	1115	1116	1117	1124	1183	1184	1212	1258	1259	1265	1312
151	156	982	983	1004	1005	1006	1007	1033	1040	1155	1190	1215
198	199	200	938	1088	1089	1097	1098	1161	1162	1163	1164	1165
423	852
449	871	1250
451	453	456	716	1284
536	537	538	539	828	829
540	541
673	674	675	891	1038	1039	1230
695
696
697
698
700
842	963	1012	1013	1014	1016	1017	1018	1019	1218	1219	1220	1249	1251
956
957
958
959
960
961
962
964
1191	1192	1193	1213	1214
1197
1198
1199
1200
1201
1202
1203
1204
1205	1247
1206
1207
1208
1209
1231	1232
1233
1234
1235
1236
1237
1238
