0	99	111	381	415	514	585	690	691	783	784	954
153	732	1937
36	63	97	603	949
64	682
868	1986
158	202	260	559	820	970
387	945
508	777	1741
680	1678
118	303	335	455	469	599	668	899
309	704
127	392	406	685	947	952
69	357	655	683	888
48	54	105	106	153	633	987
740	793	818	859
1203	1239	1282	1650	1788	1991	2064	2149
297	646	732	779	882	1282	1357	1489	1740	2082	2202	2665	2774	2812	3028
592	665	686	687	697	845
180	366	573	697	828	829	1587
92	500
182	310	444	828	1267	1724	2464
146	148	177	411	480	621	625
418	2773
632	868
733	751
213	778
355	356	438	470	481	516	597
161	309
971	3279
1824	3291
157	1127	1253	1536	1608	1636	1682	1769	1981
180	302	697
443	586
91	210	239	569
54	105	176
355	356	516
190	939
534	732
37	103	278	460	828	1019	1724	2460	2677	3162
366	619	697
26	262	272	460	461	585	626	769	797	1006
87	597
152	154	779	1281	1998	1999	2073
546	548
913	997
5	36	63	949
723	931	952
129	131	134	140
176	180
383	1494	2125
569	671
310	547	668	669
182	1498
141	146	453	1002
149	326
306	494
56	1168	1934
108	384	514
228	232	236
267	297	438	573	646	779	1075	1282	1650	1921	1991
185	452	605	2207	3117
54	106	422	539	586	694	697	714	999	1000	1249	1761	3252
204	650	945
65	725	732	1247	1489	1724	2104	2401	2638	3303
126	617
722	1009
541	673	797
26	122	311	344	424	425	426	566	685	768	769	796	840
723	815
69	107	194	501	502	567	655	888
65	88	152	297	685	732	905	2081	3191
561	668
103	262	285	310	516	827	887
432	433
36	63	83	203	735
28	54	105	106	153	469	619	697	956	987	1000	1249
69	107	463	555	580	581	655	827	888	901	902
210	358	2292	2969	3005	3006
324	350	917
144	418	584	861
263	311
732	1513
94	159	356	445	697	896	2482
170	675	692
157	163	252	260	784
67	106	152	153	154	159	167	216	317	336	356	445	462	470	482	501	516	590	640	673	683	694	708	746	926	927	1714	3130
169	213	396	397	651	778
228	232	236	475	535	602	634	732	771	882
25	69	655	1007
122	127	504	541	797	802	1232	3015
764	1010
68	2245
251	438	746	804	911
180	841
304	634
2529	2530
51	481	597
109	133	512	513	514
324	350	591	917	1701
36	63	97	114	661	821	948
597	2342
287	675
813	1858	2799	3158
869	1804
170	630	982
574	575	619	1177
353	354	2583
164	421
351	353	1958	2259	2407	2579	2580	2585	2586	2770
51	103	167	234	244	251	253	259	302	355	365	382	462	470	481	482	483	516	517	523	525	550	673	697	701	706	745	746	777	804	910	911	918
135	1337
69	107	194	501	502	655	888	1007
94	251	262	374	444	445	2463	3014	3015
94	444	445
515	630
947	1633	2339	2596
119	605	606	684	713
202	386
202	240
202	434	649	650
249	579	676
196	334	467	579	584	636	936	973
7	10	15	22	28	51	54	58	82	85	94	98	103	106	147	151	153	154	155	156	167	176	180	182	200	212	219	221	231	233	234	244	248	253	254	259	303	317	318	336	355	356	363	382	391	414	444	445	450	455	456	462	470	481	482	483	504	507	516	517	523	525	550	557	573	576	597	608	619	658	668	669	673	680	694	697	698	700	701	702	706	708	711	727	744	746	772	773	799	802	804	812	880	896	899	906	910	929	1000
189	382
592	914
213	293	397	723	778
402	405
400	402	405
401	403	405
116	174	241	316	411	570	622	975
2466	2868
137	142	144	146	198	351	418	453	499	879	1003
453	810
281	360
28	48	54	105	106	153	194	469	586	633	714	987	1899
284	305	601	732	1172	1408	1409	1512	1710	1721
433	915
387	506
438	516	711
51	58	94	167	212	244	253	259	302	332	355	364	365	382	414	438	444	445	481	482	483	516	517	525	597	668	669	680	697	702	747	755	804	871	918
645	774	880	1236	1478	1531	1723	1801	2168	2447	2665	2765
94	194	444
93	213	256	296	535	744	778	800	921	967
449	451	560	710	896
573	697
154	263	685	1006	2361	3156	3159
25	69	888
167	828
586	633	697
30	31	122	127	179	262	272	276	285	338	504	510	541	556	566	697	732	780	797	802	1075	1169	1199	1232	1357	1383	2221	2812	3015
142	145
346	369	753	951
51	481	697
51	154	189	244	253	259	355	481	516	525	597	702	706	708	918
138	485
42	271	950
17	39	42	271	367	368	487	488	489	569	790	833	834	950	955	964	1010
492	907
19	75	139	208	667	743	935	979
107	501	508	755	1007
30	56	69	78	172	534	562	732
171	394	721	843	939
174	340
504	566
323	383	868
251	310	525	673	871
616	701
28	54	105	106	153	469	616	619	697	956	987	999	1000	1249	1374	1460	1464
182	261
188	532	810
533	534	732
380	655
86	460
101	145	791
14	286	545
159	244	253	259	572	573	590	697
679	680
673	1921	1951	2161	2728	2791
58	106	422	469	830	1000	1642
257	462	829	2266
561	655	669
132	536	775	975
152	770	771	802
95	234	697
180	549	573	697	841
257	829
95	310	549	572	697
965	3209
202	240	386
217	724	978
593	594
160	496
151	336	599
17	834
167	168	238	413	578	597	639	706	773	896
462	828	3162
52	271	569	583	955	964	965
611	955
217	288	306	350	592	1509	3205	3217
7	51	67	481	549	571	572	574	575	668	694	714	748	998	999	1000	1714	2018	3236
220	920
621	623
621	623	625
229	623
1243	1461
350	515	629	630
70	226	241	403	411	492	495	620	750	979	980	988	995	1003	1009
491	870
149	150	324	325	326	327	552
157	209	719
35	38	64	83	121	136	239	271	313	314	348	641	661	682	807	808	814	840	866	893	923	994
42	271	611	1010
549	732	1282	1650	1895	2064	2149	2150
197	898
299	2181	2865
202	214	240	255	860
508	1007
656	935
70	208	211	241	330	495	570	660	722	750	877	979	980	986	1003	1009
40	875	986
36	63	97	191	203	313	314	328	603	617	674	726	735	835	836	852	877	908	948
6	17	20	643	657	831	858
727	728
251	802
215	2420	2437
376	377	711	762	802	839
72	76
678	867	868	1394	1747	1984
44	379	867	1747	1984
219	231	248	2461
322	592	665	686	687	697	845
134	250	499	511	519	651	690	898	935	1009
400	401	404	405
1301	1960
85	95	180	303	456	481	549	571	572	574	575	619	668	694	697	700	701	805	904
22	34	54	85	98	105	106	153	155	156	251	310	366	516	575	619	668	669	697	700	701	714	746	748	755	842	906	987	999	1000
143	239	563	751	752
432	1420
707	708
28	54	67	105	106	153	956	987	999	1000
135	610
135	2381	2961
730	1009
139	166	907	979
77	813
320	729	730	736
789	2665
235	464	588	592	738
251	356	438	516	746	804	805	910	911
51	355	356	481	504	516	746	804	805	910	911
28	48	54	67	105	106	153	697	714	956	987	998	999	1000	1761
160	195	227	559	579	628	695	811	874
334	389
193	758
193	720
50	93	374	427	800	805	825
467	473	494
665	727	728	1876
538	685	686	687	796	1231	1234	1273	2157	2686
355	516	706	746	804	896	911
356	451	706	773
88	262	267	272	732	1006	1203	1239	1282	1650	1664	1788	1895	1921	1991	2064	2149
858	2585
162	754	2639	2640
89	319	546	579	875	935
29	793	859
91	1794	1811	2382
167	332	365	390	391	639	640	701	707	708	777	803
754	802
746	911
516	746	804
247	2767
136	807	808
35	121	136	188	519	723	786	807	808	816	866	884
121	723	866
171	1002
125	144	145	146	242	281	360	412	417	418	472	473	767	810	879
1326	2460
834	886
108	173	201	383	384
180	842	896
170	287	604	848	850
18	40	43	46	49	59	81	138	181	186	187	191	202	242	307	394	409	435	436	484	506	509	519	520	526	527	529	542	583	593	594	595	712	723	729	730	741	760	761	775	785	788	814	816	826	843	966	980	983	984	996
109	348	509	515	814	816	980	983	984	985
40	607
313	604
543	2336	2756
753	1252	3296
432	704	733	1675	2282	2441	2699	3107	3124
345	775
214	861
90	474	534	732	862	1129	1212	1850	1937	1968	1969
165	857	864	865
1216	1240	1933
121	569
868	1747
65	725	732	992	1247	1489	1724	2104	2400	2401	2638	3303
645	774
262	686	687	697	779	1281	1951	1998	1999	2728
428	924	2728
500	703
557	3093
555	902
88	673	685	686	687	697	732	768	802	1231	1234	1969	2081	2161	2278	2669	2670	2686	2728	3040	3041	3191
5	36	63	77	274	329	400	595	617	661	813
112	149	150	325	326	327
431	868
244	253	259	483	918	927
147	456
202	240	386	654	869
202	247	970
394	506	939
393	394	938	939
706	1238
277	399
415	684
379	737
54	633	1894
711	2415
635	1488
212	2129
727	969
684	1707
55	971	3279
355	516
917	1549
237	242	493	750	885	935	980
160	990
350	515	629	917
61	84	226	495	548	642	651	750	875	935	943	959	980	995
65	725
605	1721	3085
752	990
751	752	994
54	67	105	106	176	998	1000
28	54	67	105	106	714	956	987	998	1000
67	956	998	1000
7	377	762
247	494
7	122	355	365	481	501	502	516	619	802	901	920	1336	1597	2316
51	481	680	920	1197	1336	1586	2860
1034	2028	2029
2031	2181
1417	1427	1545	2024
1059	1365	1378
1236	1439	1440	2093
591	1264	1549
609	2064
1100	1109	1248
1487	1488	1645	1872
1759	2014	2015
1665	1666
1042	1309	1679
1107	1174	1404	1536	1636	1682	1769
1076	1078	1309	1679
1037	1679
1138	1828	1893	2139	2165
1453	1704	1705	1944	1954	1955	1980	2002
1286	1302	1521	1532	1891	1902	2024
1127	1442	1613	1636	1679	1776
1168	1254
1253	2121
1961	1962	1963
1056	1161
1236	2024
1014	1365	1378
1229	1707
1171	1961	1962	1963
1236	1251
235	592	1209	1515	1718	2115
1190	1600
1227	1245	1651	1742	1823	1931
1189	1195	1583
1141	1950
1083	1196	1390	1439	1440	1912	1939	2093
1107	1174	1404	1608
1317	1676
1579	1723
1118	1441	1609	1840	1864	2132	2133	2170	2171
1673	1958
1132	1339
1200	1404	1425
1187	2058	2059	2104
1893	2139
1119	2036
1210	1256	1604	1606	1818
1674	2113
1250	1286	1302	1891
1937	1969
1801	2168
1980	2103
1874	1952
710	1403	1551	1687
421	1236	1262	1294	1506	1508	1659	2118
1329	1342	1629
1117	1135
1214	1461	1571
1257	1287
1160	1369	2083
1788	2066
873	1511	1544	2096	2106
278	1360	1385	2173	2174
1178	1871
1836	1837
1548	2112
1183	1841
1432	1964	2151
1075	1169	1199	1387
1540	1807	2044
1711	1712	1713	1964	2099
235	592	1322	1821
1191	1514	1811	2097
774	2024
1236	2118
754	1721	2043
1339	1454	1668	1714
779	1976
1854	1953
1013	1089	1725
2036	2037
1610	2116
1019	1493
404	1412	1881
1353	1965
1290	2031	2124
1207	1449	1539
1019	2856
1976	2774
1759	1946
1727	2043
1355	1414	1415	1476
1078	2140
1083	1152	1373
1061	1062	1177	1410	1726	1979	2035	2149
762	1802
1074	1462	1504	1605
1014	1059	1378	1591
1162	1268	2079
1344	1889
1115	1272	1649	1650	1956
341	1358	1384	1566	1757	1758
1073	1169
1982	1983
1148	1672	1688
1090	1608
2093	3008
1109	1401
1080	1314	1316	1359	1364	1367	1370	1380	1584	1658	1715	1731	1732	1733	1736	1737	1822	1923	1941	2070	2135
1225	1679
1216	1240
1025	1355	1368	1415	1476
1144	1231	1234	1249	1284	1431	2157
432	1770	2260	2699	3107
1216	1765	1933
1285	1542	1845	1980
1436	2008
1388	1982
1329	1342
1534	1535
1439	1440
1361	1377	1447	1448
1228	1232	1235	1588
1232	1550
1061	1124	1140	1218	1374	1464	1761	1781	1979
628	1243	1648	2005
1184	1761
1304	1472	1569	1570
1921	2065
1679	2036
1086	1480	1661	2012
1144	2139
1310	2116
56	1157	1492
1020	1746
1070	1088	1089	1163	1236	1347	1417	1499	2024
149	150	324	325	326	327	1262	1639
305	1409	1824
1329	1342	2470
1162	1268	1331	1335	2079
1216	1303
1319	1323
1167	1826
1168	1254	1581	1934	2041
1255	1478	1723	1814	2738	2765	2970
1185	2008
1286	1302	1532
710	1687
1182	1540
1215	1422	1980
828	1326	2293	2460
80	1427
1547	1763
978	1549	1624
1555	1647
341	1339	1668	1818
1110	1563	1565
235	592	1226
1087	1494
2043	2873
1336	1587
1128	1149	1590
1592	1593
1076	1078	1600	1613	1685	1950	2074
1105	1604
1037	1042	1411	1614
1275	1622
1224	1772	2009
14	1747
90	1129
645	774	1801
26	1100	1138	1634	1828	1893	2139	2165	2244	2257
1253	1289	1682
1181	1318	1375	1638	1977	2026
1181	1356	1375	1637	2013
1031	1488
421	1131	1262	1320	1321	1883	1885
1272	1650
1080	1189	1314	1359	1583	1584	1735	1736	1737
1098	1362
779	1921	1991
828	1326	2328	2460	3028	3153
1639	1958
686	1198	1281	1469	1999	2073
1014	1194	1378
1407	1409
1324	1325	1684
421	1236	1508
1830	2176
1122	1478	1528	1814	1891
1815	1992	1993
1260	1844
1100	1690	1828
149	150	324	325	326	327	2057
1617	1704
610	1224	1243	1258	1612
1229	1511	2275
818	1214	2753
1490	2072
305	1172	1409	1512	1513
1082	1139	1145	1716	1717
1716	1717	1887
1085	1729
1627	1717
1142	1192
1071	1080	1194	1314	1359	1364	1583	1584	1657	1658	1680	1731	1735	1736	1737	1985
1657	1731	1985
1059	1495	1744
1314	1359	1736	1737
1314	1359	1583	1735
1314	1359	1736
1282	1740	1741	1766
1019	1874	2394
1014	1059	1378
1628	1949
1628	1635	1949
1835	1836	1837
1784	1785
1486	1561	1946	1947
1099	1767
1107	1174
1298	1771	2123
1770	2123
1217	2009	2092
1107	1174	1404
1052	1254	1288	1654	1780	1789
1487	1793
1531	2024
1334	1699
1186	1805
1173	1813	2152
1210	1256
1259	1270	1617	1669
1336	1554
1656	2154
1834	1836	1837
1139	1738
1205	1216	1849
1212	1281	1937	1951	1998	1999
1633	1801	2168	2995	3009
1257	1295	1340
577	1126	1193	1858	1859	1966
3013	3274
404	3274
1132	1236	1242	1668
1336	1489
1095	1123	1552
1141	1246	2167
1178	1337	1944	1945
1616	1988
686	687
1502	1575
1096	1265	1465	1603	1684	2072
1097	1944
1236	1439
1274	1296
779	1991
1176	1393	1607	2051
1221	1811
1286	1302
1624	1965	2032	2033
1027	1360
2048	2826	3123
1166	1689	2176
1083	1150
853	1422	1572	1705
1188	1276	1298	1308	1739	1811	1853	1917	2023	2094	2095	2114	2148	2151	2159	2175
1721	1873	1920
1111	1663	1855
1275	1404	1911
1784	1785	1790
1784	1785	1790	1927	2022
1698	2078
1567	1576	1782	1936
1030	1244
1178	1945
1628	1948
1112	1952
1026	1409
1013	1725	1967
1398	1399	1400	1971
1398	1400
1091	1609	1643	1964	1968	2160
1156	1973
1327	1974	2026
1514	1978	2149
1285	2032	2033	2112
1071	1350	1584	1734
1241	1514	2149
762	1311
1214	1819
1179	1996
1452	1954	1955
1487	2002
1214	1258	1422	1571	2005	2109	2110	2112
2010	2011	2012
1033	1759	2015
1402	1784	1790	1927	2022
1065	1093
946	1238
1289	1776	1981
2028	2029
1133	2047
1777	1846
1151	1252	1308	1703	1845	1846	1964	2001	2032	2033	2048	2049	2050	2075	2175
853	1285	1332	1423	1542	1648	1980	2006	2032	2033	2112
1463	1490	1590	2025	2072
2054	2056
1300	1333	1704	1705	1926	1954
665	1305	1876	2161
1328	1356	1369	1637	2082
1276	2071
311	1100	1144	1579	1723	3044
2005	2112
1299	1964
2062	2127
963	2129
1053	1194	1680	2141
1394	1747
1069	1211	2147
1255	1498	1828
2143	2144
1805	2054
1203	2150
1432	1433
1133	1170	1529	2166
1385	2173
845	2677	3156
2306	2356
2303	2634
2195	2209
55	3279
779	828	2460	3162
2899	2900
2675	3099
2632	2855
1707	2275
2423	2474	3132
2244	3258
976	2845
2513	2665	3115
2779	2780
2540	3033	3203
2698	3158
2235	2992
2324	3074
2310	2390	2483
2246	3034
2256	2871
2476	2737
2427	2442	2744
1813	2951	2959
2044	3127
686	1198	1469	3040
2285	2616
2253	2259
2284	2506
3148	3149
2401	2638
2605	3203
3200	3247
974	2596
725	2400
2456	2624
2793	2907
130	2556	3255
2269	3213	3214	3216
2682	2683
861	2850	2851
2861	3180
2638	2649	3301
2473	2609
2469	3033
2542	2944
3004	3005
2456	2478
2402	2405
2224	2780	3022
246	3120
351	2407
2579	2770
2586	2672
2584	2585	2586
2178	2476
821	2697	2698
62	1312	2199	3166	3187
2325	2595
2325	2594
2271	2602	2809
2606	2608
2617	2619
2285	2615	2616
2614	2617	2618
185	3117
692	914	2574	2994
1529	2166
1286	1302	2447	2658
1531	1532	2447	2657	2658
2669	2670
686	2463	3191
2382	2396
2378	2682	2683
686	687	1714	2385
2409	2687	2689
2212	2498
1867	2578	3144
2438	2465	2531	2532	2667	2813	3244
2349	2746	3195
715	2707
1122	2880
122	464	2588	2665	3115
2387	2418
2267	2775
2272	3088
2676	2724
2402	2432	2553	3031	3094
2402	2405	2553
2461	2857
2289	2795
2805	2807	3112	3113
2734	3129
2438	2465
2458	2933
2286	2295	2323	3160	3161	3200
2838	2882
626	2276
1807	2848	2849
185	199
2864	3131
946	2181
2972	3105
2319	2561
2319	2561	3046	3201	3278
2424	2886
556	2266	3048
1889	2576
95	2692	2924
2419	2471	2980
2492	2497
2308	3270	3271
2659	2938
2950	2956
1173	1813	2251	2332	2503	2760	2948	2952	2954	2958	3173
1813	2959
1897	2292
2399	3303
2452	2549
2454	2984	2986
530	2730
2331	2543	2544	2997	3233
2238	3017
936	2531	2532	2533
2224	2780
2277	3029
2304	3030
2402	2432
770	2415
185	2419	2641	2909	2980	3111	3117
638	3201
2234	2270	2510	3052	3054
2234	2510	3053
3060	3062
3065	3066
2665	3079
3081	3082
993	2210	2275	2647
3096	3097	3182
3097	3182
2675	3098
3104	3274
2441	2699	2840
2516	2517
2336	2756
1698	2826
1849	2260	2337	2646
2310	2390	2483	2485	2534
3150	3295
3146	3149	3150
3146	3150
3146	3149
962	2219	3146
874	2429
2334	2444	3168
3014	3015
2403	3304
401	404	3184
402	2864
2381	2961
2247	3189
2247	2366
2240	3116
2349	2746
2468	2540	3033	3203
2257	3207
2208	3213	3216
2037	2456	2624	3228
2214	2845
2435	2443	2883	3222
2438	2667
3261	3263
1651	1823	2629
185	3266
446	2237
2351	3013
2379	2437	2703	2721	2864
2334	2444	3167	3168
2685	2879
1529	2166	2654
