0	1	2	3	4	5	6	7	8	9	10	11
12	13	14
15	16	17	18	19
20	21
22	23
24	25	26	27	28	29
30	31
32	33	34
35	36
37	38	39	40	41	42	43	44
45	46
47	48	49	50	51	52
53	54	55	56	57
13	58	59	60	61	62	63
64	65	66	67
68	69	70	71	72	73	74	75
12	69	76	77	78	79	80	81	82	83	84	85	86	87	88
89	90	91	92	93	94
91	95	96	97	98	99	100
97	103	104	105	106	107	108
109	110	111	112	113	114	115
116	117
22	118
119	120
121	122
123	124	125	126	127	128	129
46	130
133	134
135	136	137	138	139	140	141	142	143
91	96	144
145	146
147	148	149	150
59	60	151
124	125	126
152	153
12	154
97	108	155	156	157	158	159	160	161	162
91	100	163
6	161	164	165	166	167	168	169	170	171
127	172
80	173	174	175	176	177	178
179	180
17	18	19	183
48	184	185
186	187	188	189
96	151
190	191	192
147	193
42	106	194	195
105	196
112	197	198	199
200	201
202	203
204	205	206
2	207	208
209	210	211
69	70	74	77	78	80	98	128	212	213	214
215	216	217	218	219
59	62	91	145	220	221	222	223	224	225	226	227	228
30	229	230
12	83	108	231	232	233	234	235	236	237
238	239
240	241
170	242	243
50	165	168	244	245	246	247	248	249	250	251	252	253
184	254
53	55	57	255	256	257	258	259
12	50	78	174	231	260	261	262	263
42	264
106	126	158	167	265	266	267
268	269
17	19	270	271	272
13	38	59	60	62	63	91	163	220	224	273	274
53	55	57	259	266	275	276	277	278	279	280
148	281	282	283	284	285
286	287	288
117	289	290	291
250	292
12	293
91	125	294	295	296	297	298
299	300	301
1	26	142	302	303
13	54	62	125	126	129	174	176	227	243	256	296	298	304	305	306	307	308	309	310	311	312	313	314	315	316	317	318
121	122	319	320	321	322
12	84	209	210	211	323	324	325	326	327
55	57	328	329
52	170	242	252	330	331	332	333
334	335
128	315	338	339	340
96	341
326	342
123	127	345
2	346	347	348	349
286	287	288	350	351
15	17	19	352	353	354	355
127	356
301	357
358	359	360	361
362	363
300	364	365
163	366	367	368
369	370	371
372	373
369	374	375	376	377	378	379	380	381	382
33	91	123	124	126	129	144	158	243	307	313	314	315	338	339	340	345	383	384	385	386	387	388	389	390	391	392	393	394	395	396	397	398
399	400
53	55	57	255	256	257	259	329
107	167	296	297	332	338	401	402	403
107	296	297
364	404
49	405	406	407
217	408	409	410	411
24	412
24	413
24	230	414	415
416	417	418
290	418	419	420	421	422	423	424
13	35	37	40	42	43	59	62	91	96	98	105	107	123	124	125	126	127	129	151	158	163	176	195	224	227	243	273	294	296	297	306	307	309	313	314	315	318	331	333	339	345	383	384	385	386	387	388	390	391	393	395	396	397	398	425	426	427	428	429	430	431	432	433	434	435	436	437	438	439	440	441	442	443	444	445	446	447	448	449	450	451	452	453	454	455	456	457	458	459	460	461	462	463	464	465	466	467	468
398	469
89	470
121	122	184	322	471
472	473
472	473	474
472	475	476
114	477	478	479	480	481	482	483
112	117	199	289	382	486	487	488	489	490	491
199	492
493	494
13	38	58	59	60	61	62	63	145	225	255	273	495
12	496	497	498	499	500	501	502	503	504
269	505
31	506
126	128	456
35	42	91	107	123	124	126	127	128	144	195	296	297	313	314	339	345	384	385	387	389	390	394	395	396	398	434	450	454	459	507	508	509	510	511
79	442	512	513	514	515	516	517	518	519	520	521
107	255	297
121	122	324	464	522	523	524	525	526	527
294	528	529	530	531
91	98
50	171	176	292	532	533	534
53	55	328
97	314
61	91	145
12	52	82	88	91	164	167	170	213	242	249	252	267	330	331	332	333	535	536	537	538	539	540	541	542	543	544	545	546
490	547
548	549	550	551
91	123	345
123	124	126	127	176	306	345	383	384	387	389	395	396	454	469
552	553
554	555	556
147	335	554	555	556	557	558	559	560	561	562	563	564	565	566	567	568
569	570
571	572	573	574	575	576	577	578
32	256	259	329	511
12	55	154	204	539	579	580	581
153	582	583	584	585
481	586
249	333
22	192	587
106	243	338	387	508
397	588
13	38	59	60	62	63	91	163	220	223	224	273	274	588	589	590	591
105	592
492	593	594
12	154	595
57	596
161	597
547	598	599
600	601	602
91	98	298	308	384	395	396	603
35	604
212	243	605	606	607	608
38	62	222	224	434	609	610
99	307	611	612
57	195	264
483	613	614	615
174	323	331	616
91	393	617
91	96	98	341	618
99	611
91	106	603	617	618
619	620
24	412	413
621	622	623
624	625
626	627
41	309	447
558	566
127	294	314	383	426	628	629	630	631	632
97	159	307
147	556	559	568	619	633	634
568	635
89	202	288	622	636	637	638	639
42	123	223	224	225	227	305	316	345	367	368	427	603	618	640	641	642	643	644
645	646
115	647
111	115	647
647	648
649	650
288	364	404	651
114	240	476	477	489	569	573	652	653	654	655	656	657	658	659
200	201	286	662	663	664	665
142	666	667
20	21	150	246	270	354	556	668	669	670	671	672	673	674	675	676	677	678	679	680	681	682
335	554	556	635
12	68	69	70	72	618	683	684
685	686
687	688	689
24	413	690	691	692
32	329
575	693
240	241	477	479	489	571	573	654	656	657	658	694	695	696	697	698
698	699	700
15	16	17	19	238	271	272	353	678	679	695	701	702	703	704	705	706	707	708
566	709	710	711	712	713	714
460	715
331	338
716	717	718
331	456	719	720	721	722
22	725	726	727	728	729
725	727	728	730	731
461	463	466	732
89	90	91	92	93	94	733
3	189	240	320	486	575	686	734	735	736
472	474	475	737
42	43	91	96	123	163	227	367	368	397	438	453	458	603	617	618	644	740	741
13	42	59	60	62	63	91	100	106	126	163	195	223	224	225	315	338	368	397	430	438	440	444	448	449	453	511	643	742	743
120	150	744	745	746
268	747
306	748
13	59	60	62	63	223	224	273	274	305
400	749
400	750	751
240	752
570	573	577	753
359	754
752	755	756	757
79	758
89	759	760	761	762
125	126	128	315	338	339	340	388	740
123	124	125	126	315	333	339	340	345	388	740
13	58	59	60	62	63	91	221	223	224	225	273	274	305	642
29	418	626	763	764	765	766	767	768
424	769
401	523	527	740	773	774	775
203	419	776
90	460	715	777
50	93	94	253	778	779	780	781	782	783
124	126	294	315	339	340	383
125	383	426	530
12	68	69	70	71	72	73	74	75	164	167	171	212	214	262	684	784
380	713
785	786	787	788
180	418	575	700	789	790
64	66	791
149	792	793	794
33	304	306	314	394	397	443	507	632	748	795	796
331	787
315	340
126	315	339
797	798
673	674	675
184	593	669	671	673	674	675	677	734	799	800	801
184	669	677
197	584
112	117	289	491	492	493	494	547	776	802	803	804	805	806	807
162	808
558	809
192	207	208	810	811
96	294	742
300	357	812	813	814
24	184	506	553	583	585	615	624	625	634	658	676	699	708	734	752	757	799	803	815	816	817	818	819	820	821	822	823	824	825	826	827	828	829	830	831	832	833	834	835	836	837	838	839	840	841	842	843	844	845	846
348	404	658	676	681	799	839	840	846	847
699	848
678	814
549	852	853
45	119	268	854	855	856	857	858	859
615	860
291	691
12	14	154	861	862	863	864	865	866	867	868
873	874	875
147	677
22	728
12	83	108	231	232	233	234	235	236	237	876	877
513	514
80	91	93	94	167	173	177	178	605	607
605	878	879
433	881
278	279
12	50	91	93	94	243	244	260	261	262	331	605	606	778	782	783	862	882	883	884	885	886
17	19	183	238	354	359	474	754	838	887	888
200	201	662	663	664	889
22	890
312	384	389	390	395	396
446	458
24	363	412	413	891
24	25	797
153	506	583
153	583	892	893
383	894
10	409
730	897
59	61	898
456	899
900	901
459	902
460	903
409	904
124	126
287	906
575	656	658	803	907	908	909
626	910
287	288	404	651
179	320	575	652	653	656	657	658	700	911	912	913	914	915
231	233
217	502	916
744	910
120	670	744
59	60	62	151	224	305	642
59	60	62	63	224	225	273	274	305	642
224	274	305	642
427	720	721
203	797
123	124	126	163	252	256	257	277	331	394	427	646	917	918	919
35	123	345	646	918	920	921	922
687	926
927	928	929	930
512	934	935	936
351	906	937
68	938
939	940	941
900	942	943	944
950	951	952
135	136	137	141	953	954	955
950	952	956	957
952	958
959	960	961	962	963
964	965	966	967	968	969	970	971
927	972	973	974	975	976	977
137	139	952	978	979	980
205	981
138	982
512	927
904	989
512	991
89	761	992	993	994	995
996	997
1007	1008
934	935	936	1009	1010	1011	1012	1013
140	953	954	955
519	1016
1017	1018	1019	1020	1021	1022	1023	1024	1025
378	1026
1027	1028
955	1029	1030
235	1031	1032	1033
960	962
1034	1035
1036	1037	1038	1039	1040
973	974	975	1043
14	862
516	517
970	1044
1045	1046
531	1047	1048	1049
373	512	1050	1051	1052	1053	1054	1055
649	1061	1062
1065	1066	1067
75	1068
1069	1070	1071	1072	1073
157	1074	1075	1076	1077
1078	1079
1082	1083
1086	1087	1088
213	536	544	1089
1087	1093	1094	1095	1096
89	761	1097	1098
793	1099	1100	1101
514	927
512	1052
502	787	1102
316	1028	1103	1104
80	1105
1108	1109	1110
1034	1111
160	1114
737	1115	1116
1117	1118
926	1119	1120
160	1124
86	1105
1102	1126
957	1131
1011	1132	1133
72	366	1134	1135	1136	1137	1138	1139
721	1140
70	1151	1152	1153	1154
1155	1156	1157	1158	1159	1160
536	1161
140	1167
935	1168
941	1169
952	1191
873	874
220	778	781	783	1194	1195	1196
268	854	859	1197	1198
873	875	1199
970	1200	1201	1202
934	936
330	1212	1213	1214
330	1215
221	590	591	1136	1138	1216	1217	1218	1219
650	765	1220	1221
221	1222
212	1227
952	1034
960	1196
204	1233	1234
512	927	928	1109	1237	1238	1239	1240	1241
200	201	286	662	663	664	1054	1242
133	497	498
873	1246
205	206	981	1251	1252
515	519	520	1253	1254	1255	1256
974	975	976
531	1049
970	1259	1260
97	162	808	1261
930	1262
623	906	1265
1028	1038	1103	1156
89	761	1271
191	1272
1102	1273
95	918
956	957	980	996	1008	1279	1280
1039	1281
951	958	1282	1283
1284	1285
1286	1287	1288
601	728
863	864
513	514	517
168	939	959	960	961	962	963	1289	1290	1291
136	138	1292
1293	1294	1295	1296	1297	1298
1295	1298	1299	1300	1301
900	1302
373	1054	1303	1304	1305	1306	1307
70	1151
74	80	212
85	97	162	808	1311	1312
378	1242
93	173	175	178	1313	1314
498	1316
373	512	1051
515	973	1254	1322	1323
939	961	1329
200	201	286	662	663	664	1330
967	1331
650	749	1286	1332	1333
989	1073	1334
65	1061	1335
293	497	498	499	500
34	69	81	1355
160	1046	1356
953	954
1368	1369	1370
1197	1370
1288	1371	1372
953	954	955
981	1373	1374	1375	1376	1377
944	1378
518	927
1036	1037
1331	1386	1387	1388
918	1389
873	1394	1395
14	173	177	178	607	867
405	516	517	1396	1397
358	1400	1401	1402	1403	1404
1405	1406
737	1406
512	1027	1103	1407
83	918
1007	1411	1412
399	968	1078	1413
93	94
968	1422
512	936
74	80
793	1429
974	975
1118	1265	1430	1431
1074	1432
1433	1434	1435
1011	1438
969	1259	1439	1440
793	1088	1368	1441	1442	1443	1444	1445	1446	1447	1448	1449	1450	1451	1452	1453
502	1454	1455
955	1285	1459
1463	1464
1078	1413
1045	1472
498	1473
1108	1110	1474
861	1022	1087	1479	1480	1481
1294	1484	1485
72	1100	1486
1083	1200	1430	1431
72	1100	1489
721	1490
1061	1491
964	966	1494
944	965
1061	1062	1083	1221	1259	1332	1495	1496
894	1503
143	978	1292
1506	1507
852	1087	1201	1430	1431	1433	1450	1453	1507	1508	1509	1510	1511	1512	1513
970	1083	1200	1202	1220	1430	1431	1440	1514	1515	1516
964	967	969	1521	1522	1523
90	606	777	1524
76	1066	1299	1300	1525
1449	1526
250	519	939	1016	1196	1527
1083	1221
1087	1528
902	1531
726	728
196	961	1255
71	683
1086	1539
1075	1076
92	156	532
80	97	159	162
904	1334
1291	1558
79	1561	1562
360	1568
93	882	1313	1314
375	1590
232	236
407	1598
233	877
1599	1600
291	1612	1613
236	1616	1617
283	1623
1599	1624
379	382
374	376
381	1631
380	381	1632
355	1568	1634
215	218
299	470	1653	1654
521	974	975	1655
518	521	976	1655	1656
885	886
93	261	403
794	1657
93	94	316	1659
1668	1669	1670	1671	1672	1673	1674
1323	1680
79	252	759	1562	1681
732	1694
1668	1671
166	1712
215	1715
1716	1717
687	1503
542	612	1727
617	1729	1730
1731	1732	1733
282	1752
234	1753
421	1669	1670	1768
616	899
215	218	1731	1732	1773	1774	1775
79	1787
1334	1790	1791	1792
1406	1797
856	859	1798
1434	1463
1198	1395	1801	1802
767	1810
332	402
475	737	1816
473	1716
750	751
1289	1823
1111	1599	1600	1825
1671	1672
215	1834
1405	1837
717	1716	1838	1839	1840
