0	0
1	0	84
2	0	57	97
3	0	231
4	0
5	0
6	0	40
7	0
8	0
9	0
10	0	315
11	0
12	1	16	37	63	70	81	87	135	149	160	170	212	261	291	296	303
13	1	13	75	85	122	134	167	235	239	250
14	1	291	388	577
15	2	99	220
16	2	220
17	2	45	74	99	220	304
18	2	45
19	2	45	74	99	220	304
20	3	210
21	3	210
22	4	23	164	227	295	306
23	4
24	5	117	118	119	188	215	282	309	310
25	5	310
26	5	84
27	5
28	5
29	5	251
30	6	62
31	6	137
32	7	159	216
33	7	109	267
34	7	550
35	8	122	139	176	340
36	8
37	9	122
38	9	75	134	167	178
39	9
40	9	122
41	9	192
42	9	51	71	122	139	199	234	235
43	9	122	234
44	9
45	10	288
46	10	27
47	11
48	11	46
49	11	115
50	11	67	70	145	258	303
51	11
52	11	89	149
53	12	69	76	111	146
54	12	85
55	12	69	76	88	111	146	160
56	12
57	12	69	76	88	111	171	180
58	13	134	250
59	13	34	61	75	122	134	167	235	239	250	317	334	335
60	13	34	75	134	167	235	239	250	334	335
61	13	134	148	317
62	13	61	75	85	122	134	167	178	235	239	250	334	335
63	13	75	134	167	235	239	250	335
64	14	265
65	14	536
66	14	265
67	14
68	15	212	261	347
69	15	16	59	212	261	550
70	15	59	212	261	439	516
71	15	261	662
72	15	212	261	433	624	627
73	15	261
74	15	59	261	519	595
75	15	261	399
76	16	649
77	16	59
78	16	59	70
79	16	140	246	679	749	802
80	16	42	59	298	416	519	595	671
81	16	550
82	16	149
83	16	63	296	584
84	16	87
85	16	520
86	16	427
87	16
88	16	149
89	17	124	198	230	247	369	410	496
90	17	230	257	648
91	17	18	31	39	61	75	82	109	122	139	144	148	149	152	167	175	183	184	186	230	234	235	250	298	303
92	17	230	666
93	17	230	258	298	303	522	589	692	738	741
94	17	230	258	298	303	589	741
95	18	499
96	18	31	48	93	122	184	234	280
97	18	20	38	147	195	489	520	671
98	18	59	122	144	175	184
99	18	179	185
100	18	39	235
101	19
102	19	300
103	20
104	20
105	20	52	122	168
106	20	51	72	165	186	235
107	20	112	113	122	139	141
108	20	38	63	296
109	21
110	21
111	21	202
112	21	53	131	276
113	21
114	21	129	206
115	21	201	202
116	22
117	22	79	131	276
118	23
119	24	288
120	24	236	333
121	25	86	125	142
122	25	86	125	142
123	26	96	109	122	139	152	153	199	234	249	339	340
124	26	35	109	122	139	153	249	259	324	339
125	26	35	82	85	122	248	249	260
126	26	35	72	85	109	122	138	139	153	235	248	249	259	270	324	339
127	26	41	96	100	122	139	153	194
128	26	59	92	138	139	248
129	26	85	109	122
130	27
131	28	323
132	28	323	670
133	29	476
134	29
135	30	353
136	30	353	511
137	30	353	359
138	30	361	511
139	30	359
140	30	375	444
141	30	353
142	30	84	209
143	30	639
144	31	109	139
145	32	61	134	148
146	32
147	33	50	156	196	294
148	33	77
149	33	266
150	33	210	236
151	34	48	122	334
152	36
153	36	161	311	312
154	37	160	170	291
155	38
156	38	666
157	38	401
158	38	72	109	122
159	38	195	671
160	38	421	426	551
161	38	40	172
162	38	277	489	520	671
163	39	75	105	122	167	234	235	339
164	40	149	261
165	40	67
166	40	764
167	40	72	112	149	261	298
168	40	67	510
169	40
170	40	66	89	149
171	40	145	261
172	41
173	42	298	522	577
174	42	70	85	182
175	42	522
176	42	85	122	145	153
177	42	298	577
178	42	298	522	577
179	43	329
180	43	264
181	44
182	44
183	45	304
184	46	68	125	273	274	282
185	46
186	47
187	47
188	47
189	47	231
190	49
191	49	497
192	49	164	279
193	50
194	51
195	51	122	139	180	235
196	52	659
197	53	275
198	53
199	53	131	132
200	54	208	305	475	532
201	54	208	305	475	532
202	55	198
203	55	256	338
204	56	160	472
205	56	360	482
206	56	482
207	57	279
208	57	279
209	58	87
210	58	87
211	58	87
212	59	177	261	467	519
213	59	149	407
214	59	261
215	60	732	766	796	840
216	60
217	60	116	331
218	60	732	796
219	60
220	61	75	167	451
221	61	250	463	465
222	61	178
223	61	167	199	235	239	250
224	61	75	122	167	178	199	235	239	250	334	335	336
225	61	134	199	235	250	335
226	61
227	61	85	122	199	234
228	61
229	62
230	62	119
231	63	70	296	330
232	63	296	697
233	63	296	330	701
234	63	296	784
235	63	296	382
236	63	296	697	709
237	63	296
238	64	220	304
239	64
240	65	206	218	231	242
241	65	218
242	66	89	149
243	66	85	109	122	165	177	303
244	67	303
245	67
246	67	210
247	67
248	67
249	67	149	163
250	67	80	651
251	67
252	67	89	149	339	749
253	67	258
254	68
255	69	111	134	141
256	69	85	111	159	339
257	69	111	339
258	69
259	69	76	111	159
260	70	303
261	70	303	738
262	70	261	303
263	70
264	71	180
265	72
266	72	76
267	72	149
268	73	237	288	452
269	73	136
270	74	210
271	74	220
272	74	220
273	75	122	134	167	239	250	335
274	75	167	239	250	335	336
275	76
276	76
277	76	339
278	76	302
279	76	302
280	76
281	77
282	77	783
283	77	713
284	77
285	77
286	78	98	208	475	532
287	78	98	325	328
288	78	98	198	205	328
289	79	131	276
290	79	121
291	79	290	707
292	80	145
293	81	538
294	82	122	143	194	259	280
295	82
296	82	85	112	113	122	139
297	82	112	113	122	139	141
298	82	85	175
299	83	733
300	83	104	281
301	83	101
302	84
303	84
304	85	267
305	85	199	239	250	334	335	336
306	85	122	153	238	267
307	85	109	122	179	195
308	85	175
309	85	122	192
310	85
311	85
312	85	307
313	85	109	122	139
314	85	109	122	139	147	194	267
315	85	92	109	122	235	248	249	259	269	270
316	85	199	415	741
317	85
318	85	122
319	86
320	86	231	329
321	86
322	86	125
323	87	182
324	87	142
325	87
326	87	94
327	87
328	88	146
329	88	111	159	216
330	89	149	461	462
331	89	122	149	182	223	225	268	303	339
332	89	112	149	822
333	89	122	149	163	249
334	90
335	90	156	211
336	91
337	91
338	92	109	112	165	223	235	248
339	92	109	122	139	248	249	259	270
340	92	109	248	249	259	269
341	93	184
342	94
343	95
344	95
345	96	109	122	139	152	153	199	249	340
346	97
347	97
348	97	283
349	97
350	98
351	98	346
352	99
353	99	220
354	99	210	304
355	99	723
356	100
357	101	281
358	102	580
359	102	244	304
360	102	682
361	102
362	103
363	103	309
364	104	114	205
365	104
366	105	433
367	105	199	234
368	105	199	234	235
369	106	108
370	106
371	106
372	107
373	107	393	515	526
374	108	719
375	108	694
376	108	719
377	108
378	108	379	521
379	108	718
380	108	262	721
381	108	720	721
382	108	131	718
383	109	122	153	194	259	260	313
384	109	122	139	153	175	307
385	109	122	139
386	109	122
387	109	122	139	153	165
388	109	122	248	249
389	109	139	153	307
390	109	122	139	307
391	109	122
392	109
393	109	122	183
394	109	139	267	339
395	109	122	139	153	175	307
396	109	122	139	153	175	307
397	109	122	166	234	235	267
398	109	122	123	139
399	110	587
400	110	240	241
401	112	255
402	112	822
403	112	738
404	114	205	283	328
405	115	578
406	115
407	115	700
408	116
409	116	315	322
410	116
411	116
412	117	188	309
413	118	188	215	309
414	119
415	119
416	120
417	120
418	120	121	251	264
419	121	256
420	121
421	121	790
422	121
423	121
424	121	252
425	122
426	122	194	260
427	122	199	337	339
428	122
429	122
430	122	235
431	122
432	122
433	122	301
434	122	139	178
435	122
436	122
437	122
438	122	234	235
439	122
440	122	235
441	122
442	122	140
443	122	267
444	122	235
445	122
446	122	308
447	122	192
448	122	235
449	122	235
450	122	139
451	122
452	122
453	122	234	235
454	122	139	153
455	122
456	122	138	225	318
457	122
458	122	234	308
459	122	139	320
460	122	222	257	321
461	122	229
462	122
463	122	229
464	122	142
465	122
466	122	229
467	122
468	122
469	123	153
470	124	733
471	125
472	126	127	128	232
473	126	127	825
474	127	232	304
475	128	232	824
476	128	206
477	129	206	218
478	129
479	129	218
480	129
481	129	162
482	129
483	129	181
484	130
485	130
486	131	231
487	131
488	131
489	131	206	218
490	131	150
491	131	276
492	132	169	276
493	133	276
494	133	276
495	134
496	135
497	135	476	538
498	135	476	524	538	617
499	135	538
500	135	538
501	135
502	135	331	414	606
503	135
504	135
505	136
506	137	282	311
507	139	267
508	139	165
509	139
510	139
511	139	159	235
512	140	345	364	368	393	413	474	526	583	593
513	140	297	509
514	140	297	412	509
515	140	483	528
516	140	389	578
517	140	389	509	578
518	140	566	736
519	140	377	483	651
520	140	483
521	140	735	736
522	142
523	142	255
524	142
525	142
526	142
527	142	255
528	143
529	143
530	143	260
531	143	392	486
532	145	666
533	145
534	145
535	149
536	149	407	441
537	149
538	149
539	149	160
540	149
541	149
542	149	773
543	149
544	149	407
545	149
546	149
547	150	173	276
548	151
549	151	287
550	151
551	151
552	154
553	154	282
554	155	156	211
555	155	156
556	155	156	196	210	211
557	156
558	156	193	278
559	156	196
560	156
561	156
562	156
563	156
564	156
565	156
566	156	193	221
567	156
568	156	196	197
569	157	206
570	157	243
571	158	218
572	158
573	158	206	218	243
574	158
575	158	217	231	264	326	329
576	158
577	158	243
578	158
579	160
580	160
581	160
582	161
583	161	282	311	312
584	161	275
585	161	282
586	162
587	164
588	166	167
589	167
590	167	463
591	167	463
592	168
593	169	273
594	169
595	170
596	171
597	172
598	173
599	173
600	174
601	174	507
602	174
603	175	186	199	234
604	176
605	177	298	299	303
606	177	303	648
607	177	298	577
608	177
609	178
610	178
611	179	185
612	179	773
613	181
614	181
615	181	282	289
616	182	795
617	183	186	234	775
618	184	186	199	212	234
619	187	196
620	187
621	189
622	189	198
623	189	492
624	190	282
625	190	282
626	191	251	327
627	191
628	194
629	194
630	194
631	194
632	194	267
633	196
634	196	282
635	197	211
636	198
637	198
638	198
639	198
640	199
641	199
642	199	250	334	335	336
643	199	235
644	199	234
645	200
646	200	339	340
647	201	202	203
648	203
649	204	396
650	204	464	534
651	205	328
652	206	329
653	206	329
654	206	218
655	206
656	206	218	326	329
657	206	218	329
658	206	218	282	283	326	329
659	206
660	207
661	207
662	208	305	475	532
663	208	305	475	532
664	208	305	475	532
665	208
666	209
667	209
668	210
669	210	273	274
670	210	333
671	210	273
672	210
673	210	272	273
674	210	272	273
675	210	272	273
676	210	282	283
677	210	273	274	294
678	210	220	285
679	210	220
680	210
681	210	283
682	210
683	212	662
684	212	261
685	213
686	213	231
687	214	342	768
688	214
689	214
690	215
691	215	290
692	215
693	217
694	218
695	218	220
696	218
697	218
698	218	219
699	219	282	284
700	219	264	329
701	220
702	220
703	220
704	220
705	220
706	220
707	220
708	220	282
709	221
710	221
711	221
712	221
713	221	262
714	221
715	222	257
716	224
717	224	843
718	224
719	225
720	225	337
721	225	337	434	628
722	225
723	226
724	226
725	227	228
726	227	657
727	227	228
728	227	228	295	507	657
729	227
730	228	316
731	228
732	229	756
733	230
734	231	273	282
735	231
736	231
737	232	422	582	824
738	233
739	233
740	234	248	249	255
741	234
742	235	280
743	235
744	236	332	333
745	236
746	236
747	237
748	238	267
749	240	534
750	241	826
751	241	826
752	242	245	282
753	243
754	244	304
755	245
756	245
757	245	282
758	246
759	247	749
760	247
761	247	369	410	496
762	247
763	251
764	251
765	251	464
766	251
767	251	820
768	251
769	252
770	253	254
771	253
772	254
773	255
774	255
775	255
776	256	276
777	257	648
778	258	303	451
779	258
780	258
781	258	451
782	258	303
783	258	303	451
784	261
785	263
786	263
787	263	268	414
788	263
789	264
790	264
791	265
792	266
793	266	411	597	605
794	266	739
795	267
796	267
797	271	310	338
798	271
799	273	282	283
800	273
801	273
802	276
803	276	282	326
804	276
805	276
806	276
807	276
808	277	489	520
809	278
810	279
811	279
812	281
813	281
814	281	285
815	282
816	282
817	282
818	282
819	282
820	282
821	282
822	282
823	282
824	282
825	282
826	282
827	282
828	282
829	282
830	282
831	282
832	282
833	282
834	282
835	282
836	282
837	282
838	282	304
839	282	283
840	282	283
841	282
842	282
843	282
844	282
845	282
846	282	283
847	283
848	284
849	286	811
850	286	811
851	286
852	287	643
853	287
854	288	452
855	288
856	288	809
857	288
858	288
859	288	452	809
860	289
861	291	621
862	291	303	388
863	291	508
864	291	508
865	291
866	291
867	291	577
868	291
869	292
870	292
871	292
872	292
873	293	449	453	479	576
874	293	449
875	293	453
876	296
877	296	701
878	299
879	299
880	300
881	301
882	303	692
883	303
884	303
885	303	737
886	303	737
887	304
888	304
889	305
890	306
891	309
892	312
893	312
894	313	638
895	314
896	314
897	316
898	317
899	318	795
900	319	349	514
901	319
902	320	655
903	321
904	322	366	675
905	323	670
906	325	346	492
907	326
908	326
909	326
910	327	332
911	329
912	329
913	329
914	329
915	329
916	331
917	339
918	339	340	499	572	584
919	339
920	340
921	340
922	340
923	341	640
924	341	640
925	341
926	342	424
927	343	358	364	412	474	566
928	343	474
929	343
930	343	490
931	344	365
932	344	365	436	523	552
933	344	436	546	552
934	345	374	459
935	345	374	445
936	345	374	459	593
937	346
938	347
939	348	510	531	651
940	348
941	348	446
942	349
943	349
944	349	565	632
945	350
946	350	428	635
947	350	635
948	351
949	351
950	352	354
951	352	504
952	352	354	355	359	448	468
953	353	375	559	563
954	353	375	559	563
955	353	375	381	563	608
956	354	502
957	354	431	502
958	355	504
959	356	510
960	356	383	470	510
961	356	510	531	659
962	356	383	510
963	356	510
964	357	631	647
965	357	632
966	357	631
967	357	533	647
968	357	587	592
969	357	604	647
970	357	390	454	488	644
971	357
972	358
973	358	387	528
974	358	387	485	598	735
975	358	387	485	598	735
976	358	485	736
977	358
978	359	639
979	359
980	359	502
981	360	482	564
982	361
983	362	367
984	362	367
985	362	367
986	363
987	363
988	365	436	523	552
989	366	535
990	367
991	368
992	369
993	369
994	369
995	369
996	370	502
997	370
998	371
999	371	839
1000	371
1001	371
1002	371
1003	371	839
1004	372	517
1005	372
1006	372	517	544	548
1007	373	586
1008	373	502
1009	374
1010	374
1011	374	432	603
1012	374
1013	374
1014	376
1015	376
1016	377	651
1017	378
1018	378
1019	378
1020	378
1021	378
1022	378	621
1023	378
1024	378
1025	378
1026	379
1027	380	583
1028	380	415	494
1029	381
1030	381
1031	382
1032	382
1033	382
1034	384	419	468
1035	384
1036	385	570
1037	385	570
1038	385	494
1039	385	503
1040	385
1041	386
1042	386
1043	387
1044	390
1045	391	616
1046	391	551
1047	392
1048	392
1049	392	486
1050	393
1051	393	526
1052	393	413
1053	393
1054	393	475	515
1055	393
1056	394	457	477
1057	394
1058	394	457	477
1059	395
1060	395
1061	396	536	629	633
1062	396	633
1063	397	579
1064	397
1065	398
1066	398	649
1067	398
1068	399
1069	400
1070	400
1071	400
1072	400
1073	400	535
1074	401	600
1075	401	665
1076	401	665
1077	401
1078	402	587	614
1079	402
1080	403	555	574
1081	403	555	574
1082	404
1083	404	625	633	644	652
1084	405
1085	405
1086	406	663
1087	406	409	621	643	653
1088	406	605
1089	407
1090	408	487
1091	408	691
1092	408	765
1093	409
1094	409
1095	409
1096	409
1097	410
1098	410
1099	411
1100	411	624	627
1101	411
1102	414	429	498
1103	415	494	583
1104	415
1105	416	427
1106	417
1107	417
1108	418	618
1109	418	474
1110	418	618
1111	419	834
1112	420	471
1113	420
1114	421
1115	422
1116	422
1117	423
1118	423	599
1119	424
1120	424
1121	425
1122	425
1123	425
1124	426
1125	428	557
1126	429
1127	430	450
1128	430	450
1129	430
1130	430	450
1131	431
1132	432
1133	432
1134	433
1135	433
1136	433	463
1137	433
1138	433	463
1139	433
1140	434
1141	435
1142	435
1143	435
1144	435
1145	436
1146	437	478
1147	437	478
1148	437	478
1149	438
1150	438	774
1151	439	516
1152	439
1153	439
1154	439
1155	440
1156	440	494
1157	440
1158	440
1159	440
1160	440
1161	441
1162	442	456
1163	442
1164	443
1165	443
1166	443
1167	444
1168	445
1169	446
1170	447	517	544	547	548	549
1171	447	544	545
1172	447
1173	447
1174	447
1175	447
1176	447
1177	447	517	544	547	549
1178	447	517	544	547
1179	447	517	544	547	548	549
1180	447	517	544	626
1181	447
1182	447	544
1183	447
1184	447
1185	447
1186	447
1187	447	517	544
1188	447
1189	447	544
1190	447
1191	448
1192	450
1193	450
1194	451
1195	451
1196	451	470	651
1197	452	561
1198	452	813
1199	453
1200	454	625	644
1201	454	643
1202	454	644
1203	455
1204	455	484
1205	456
1206	458
1207	458
1208	460
1209	460
1210	460
1211	460
1212	461
1213	461
1214	461
1215	462
1216	463
1217	463
1218	463
1219	463
1220	464	644
1221	464	633	652
1222	465
1223	466
1224	466
1225	466
1226	466
1227	467
1228	469
1229	469	634
1230	469
1231	469
1232	471
1233	472
1234	472
1235	473
1236	473
1237	474
1238	474
1239	474
1240	474
1241	474
1242	475	521
1243	477
1244	478
1245	478
1246	479
1247	480
1248	480
1249	481
1250	481
1251	482
1252	482
1253	483
1254	483	528
1255	483	659
1256	483
1257	484
1258	487
1259	488	604	633
1260	488
1261	489
1262	490
1263	491
1264	491
1265	492	599
1266	493
1267	493
1268	495
1269	495
1270	495
1271	496
1272	497
1273	498
1274	500
1275	500
1276	500	645
1277	501
1278	501
1279	502
1280	502
1281	503
1282	504
1283	504
1284	505
1285	505	608
1286	506	534
1287	506
1288	506	562
1289	510	832
1290	510
1291	510	677
1292	511	639
1293	512
1294	512	623
1295	512	513
1296	512
1297	512
1298	512	513
1299	513	649
1300	513	649
1301	513
1302	514
1303	515
1304	515
1305	515
1306	515
1307	515
1308	517	544	548
1309	518
1310	518
1311	520
1312	520
1313	522	692
1314	522	692
1315	523	544	656
1316	524
1317	525
1318	525	591
1319	525
1320	527	602
1321	527
1322	528
1323	528	748
1324	529
1325	529
1326	529
1327	530
1328	530
1329	531
1330	532
1331	533	571
1332	534	633
1333	534
1334	535	675	804
1335	536
1336	537	591	645
1337	537	645
1338	539
1339	539
1340	539	575
1341	539	540
1342	539	540	542
1343	540
1344	541
1345	541
1346	542
1347	543
1348	543
1349	544	545
1350	544	626
1351	544	656
1352	544	545
1353	546
1354	546
1355	550
1356	551
1357	553	554	615
1358	553	554
1359	554
1360	555
1361	556	609	610	636
1362	556	609	610
1363	557
1364	557
1365	557
1366	558
1367	558
1368	560	605
1369	560
1370	560	561
1371	562
1372	562
1373	564
1374	564
1375	564
1376	564
1377	564
1378	565
1379	567
1380	567
1381	568	661
1382	568
1383	569
1384	569	781
1385	569	690	781	782
1386	571
1387	571
1388	571
1389	572
1390	573
1391	573
1392	574
1393	575
1394	576
1395	576	813
1396	578
1397	578
1398	579
1399	579
1400	580
1401	580
1402	580
1403	580
1404	580
1405	581	842
1406	581	582	808
1407	583
1408	585
1409	585
1410	585
1411	586
1412	586
1413	587	614
1414	588
1415	588
1416	590
1417	590
1418	591
1419	591
1420	591
1421	591
1422	592
1423	594
1424	594
1425	596
1426	596
1427	596
1428	596
1429	597
1430	599	625	643	644
1431	599	625	643	644
1432	600
1433	601	643
1434	601	812
1435	601
1436	602
1437	602
1438	603
1439	604
1440	604	644
1441	605
1442	605
1443	605
1444	605
1445	605
1446	605
1447	605
1448	605
1449	605	650
1450	605	643
1451	605
1452	605
1453	605	643
1454	606
1455	606
1456	607
1457	607
1458	607
1459	608
1460	609	610	636
1461	610	636
1462	610	636
1463	611	812
1464	611
1465	612
1466	612
1467	612
1468	612
1469	613
1470	613
1471	615
1472	616
1473	617
1474	618
1475	619	620
1476	619
1477	619	620
1478	619
1479	621
1480	621
1481	621
1482	622
1483	622
1484	623
1485	623
1486	624
1487	626
1488	626
1489	627
1490	628
1491	629
1492	630
1493	630
1494	631
1495	633
1496	633
1497	634
1498	634
1499	635
1500	636
1501	637
1502	637
1503	638	768
1504	641	664
1505	641
1506	642
1507	642	643
1508	643
1509	643
1510	643
1511	643
1512	643
1513	643
1514	644
1515	644
1516	644
1517	645
1518	645
1519	646
1520	646	661
1521	647
1522	647
1523	647
1524	648
1525	649
1526	650
1527	651
1528	653
1529	654
1530	654
1531	655
1532	656
1533	656
1534	658
1535	658
1536	658
1537	660
1538	660
1539	663
1540	664	734	846
1541	664
1542	664	734	846
1543	667
1544	667
1545	668
1546	668
1547	669
1548	669
1549	672
1550	672
1551	673	807
1552	673
1553	674
1554	674
1555	676
1556	676
1557	676
1558	677
1559	678
1560	678	835
1561	679
1562	679	749
1563	680	716	791
1564	680
1565	681	831
1566	681	711	831
1567	681	698	831
1568	682	723
1569	683
1570	683
1571	684
1572	684
1573	685	814
1574	685	814
1575	685	814
1576	686
1577	686
1578	687
1579	687
1580	688	722
1581	688
1582	689
1583	689
1584	689
1585	690
1586	690	782
1587	691
1588	693	730
1589	693	730
1590	694
1591	695
1592	695
1593	696
1594	696	816	818
1595	698
1596	699	762
1597	699
1598	700
1599	702	714	834
1600	702	834
1601	703
1602	703
1603	704
1604	704
1605	704
1606	705	833
1607	705
1608	705	833
1609	705
1610	706	740
1611	706	740
1612	707
1613	707
1614	708
1615	708
1616	709
1617	709
1618	710
1619	710
1620	711
1621	712
1622	712
1623	713
1624	714
1625	715	755
1626	715	754	755	794
1627	716	791
1628	716
1629	717
1630	717
1631	720
1632	721
1633	722
1634	723
1635	724
1636	724
1637	724
1638	724
1639	724
1640	725	726
1641	725
1642	726
1643	727
1644	727
1645	727
1646	728
1647	728
1648	729	731
1649	729
1650	730
1651	731
1652	731
1653	733
1654	733
1655	735	736
1656	736
1657	739
1658	740
1659	741
1660	742
1661	742
1662	742
1663	743
1664	743
1665	744
1666	744
1667	744
1668	745	760
1669	745	790
1670	745	790
1671	745	760	837
1672	745	837
1673	745
1674	745
1675	746	830
1676	746	830
1677	746
1678	747
1679	747
1680	748
1681	749
1682	750
1683	750
1684	751
1685	751
1686	752
1687	752
1688	753
1689	753
1690	754	794
1691	754	755
1692	754
1693	754
1694	756
1695	757
1696	757
1697	758
1698	758
1699	758
1700	758
1701	759
1702	759
1703	761
1704	761
1705	762
1706	762
1707	762
1708	762
1709	762
1710	763
1711	763
1712	764
1713	765
1714	765
1715	766
1716	767	825	843
1717	767
1718	769
1719	769
1720	770	771
1721	770	771
1722	771	797
1723	771
1724	771
1725	772
1726	772
1727	773
1728	774
1729	775
1730	775
1731	776	796
1732	776	796
1733	776
1734	777
1735	777
1736	778
1737	778
1738	778
1739	779
1740	779
1741	780
1742	780
1743	781
1744	781
1745	781
1746	781
1747	781
1748	781
1749	781
1750	781
1751	781
1752	783
1753	784
1754	785
1755	785
1756	786
1757	786
1758	786
1759	787
1760	787
1761	788
1762	788
1763	788
1764	788
1765	788
1766	789
1767	789
1768	790
1769	792
1770	792
1771	793
1772	793
1773	796
1774	796
1775	796
1776	797
1777	798	799
1778	798
1779	798
1780	798	799
1781	798
1782	799
1783	800
1784	800
1785	801
1786	801
1787	802
1788	803
1789	803
1790	804
1791	804
1792	804
1793	805
1794	805	806
1795	805	806
1796	807
1797	808
1798	809
1799	810
1800	810
1801	813
1802	813
1803	814
1804	814
1805	815	816	817
1806	815
1807	816	817	818	819
1808	819
1809	819
1810	820
1811	821	844
1812	821	844
1813	821	844
1814	823
1815	823
1816	824
1817	827
1818	827	828
1819	828
1820	829
1821	829
1822	831
1823	832
1824	833
1825	834
1826	835
1827	836
1828	836
1829	836
1830	836
1831	838
1832	838
1833	839
1834	840
1835	841
1836	841
1837	842
1838	843
1839	843
1840	843
1841	844
1842	845
1843	845
1844	846
