0	0
1	0	81
2	0	54	92
3	0	223
4	0
5	0
6	0	38
7	0
8	0
9	0
10	0	300
11	0
12	1	16	35	60	67	78	84	129	143	154	164	205	250	279	283	289
13	1	13	72	82	117	128	161	226	230	241
14	1	279	360	478
15	2	213
16	2	42	71	94	213	290
17	2	42
18	2	42	71	94	213	290
19	2	94	213
20	3	203
21	3	203
22	4	22	158	219	282	292
23	4
24	5	112	113	114	182	208	271	295	296
25	5	296
26	5	81
27	5
28	5
29	5	242
30	6	59
31	6	131
32	7	153	209
33	7	104	256
34	7	464
35	8
36	8	117	133	170	324
37	9	117
38	9	72	128	161	172
39	9
40	9	117
41	9	186
42	9	48	68	117	133	193	225	226
43	9	117	225
44	9
45	10	276
46	10	26
47	11	43
48	11	110
49	11	64	67	139	247	289
50	11
51	11	86	143
52	11
53	12
54	12	66	73	85	106	165	174
55	12	66	73	106	140
56	12	82
57	12	66	73	85	106	140	154
58	13	128	241
59	13	32	58	72	117	128	161	226	230	241	302	318	319
60	13	32	72	128	161	226	230	241	318	319
61	13	128	142	302
62	13	58	72	82	117	128	161	172	226	230	241	318	319
63	13	72	128	161	226	230	241	319
64	14	254
65	14	462
66	14	254
67	14
68	15	205	250	329
69	15	16	56	205	250	464
70	15	56	205	250	396	449
71	15	250	531
72	15	205	250	394	508	510
73	15	250
74	15	56	250	450	490
75	15	250	368
76	16	523
77	16	56
78	16	56	67
79	16	134	237	538	565	580
80	16	40	56	285	382	450	490	535
81	16	464
82	16	143
83	16	60	283	484
84	16	84
85	16	451
86	16	390
87	16
88	16	143
89	17	119	192	222	238	345	376	431
90	17	222	246	522
91	17	18	29	37	58	72	79	104	117	133	138	142	143	146	161	169	177	178	180	222	225	226	241	285	289
92	17	222	534
93	17	222	247	285	289	453	487	540	560	562
94	17	222	247	285	289	487	562
95	18	29	45	89	117	178	225	269
96	18	19	36	141	189	427	451	535
97	18	56	117	138	169	178
98	18	173	179
99	18	37	226
100	18	434
101	19
102	19
103	19	49	117	162
104	19	48	69	159	180	226
105	19	107	108	117	133	135
106	19	36	60	283
107	20	50	125	265
108	20
109	20	124	200
110	20	195	196
111	20
112	20
113	20	196
114	21
115	21	76	125	265
116	22
117	23	227	317
118	23	276
119	24	83	120	136
120	24	83	120	136
121	25	56	88	132	133	239
122	25	82	104	117
123	25	91	104	117	133	146	147	193	225	240	323	324
124	25	33	104	117	133	147	240	248	308	323
125	25	33	79	82	117	239	240	249
126	25	33	69	82	104	117	132	133	147	226	239	240	248	259	308	323
127	25	39	91	95	117	133	147	188
128	26
129	27	420
130	27
131	28	333
132	28	333	444
133	28	333	339
134	28	341	444
135	28	339
136	28	349	399
137	28	333
138	28	81	202
139	28	517
140	29	104	133
141	30	58	128	142
142	30
143	31	47	150	190	281
144	31	74
145	31	255
146	31	203	227
147	32	45	117	318
148	34
149	34	155	297	298
150	35	154	164	279
151	36	385	389	465
152	36	38	166
153	36	266	427	451	535
154	36
155	36	534
156	36	370
157	36	69	104	117
158	36	189	535
159	37	72	100	117	161	225	226	323
160	38	143	250
161	38	64
162	38	568
163	38	69	107	143	250	285
164	38	64	443
165	38
166	38	63	86	143
167	38	139	250
168	39
169	40	82	117	139	147
170	40	285	478
171	40	285	453	478
172	40	285	453	478
173	40	67	82	176
174	40	453
175	41	253
176	41	313
177	42	290
178	43	65	120	262	263	271
179	43
180	44
181	44
182	44
183	44	223
184	46	158	268
185	46
186	46	432
187	47
188	48
189	48	117	133	174	226
190	49	530
191	50	264
192	50
193	50	125	126
194	51	201	291	419	458
195	51	201	291	419	458
196	52	192
197	52	245	322
198	53	154	417
199	53	340	422
200	53	422
201	54	268
202	54	268
203	55	84
204	55	84
205	55	84
206	56	171	250	414	450
207	56	143	374
208	56	250
209	57
210	57	111	315
211	57	555	579
212	57
213	57	555	569	579	594
214	58	72	117	161	172	193	226	230	241	318	319	320
215	58	128	193	226	241	319
216	58
217	58	82	117	193	225
218	58
219	58	72	161	404
220	58	241	411	413
221	58	172
222	58	161	193	226	230	241
223	59
224	59	114
225	60	67	283	314
226	60	283	542
227	60	283	314	544
228	60	283	576
229	60	283	355
230	60	283	542	547
231	60	283
232	61	213	290
233	61
234	62	200	211	223	233
235	62	211
236	63	86	143
237	63	82	104	117	159	171	289
238	64	289
239	64
240	64	203
241	64
242	64
243	64	143	157
244	64	77	525
245	64
246	64	86	143	323	565
247	64	247
248	65
249	66	82	106	153	323
250	66	106	323
251	66
252	66	73	106	153
253	66	106	128	135
254	67	289
255	67	289	560
256	67	250	289
257	67
258	68	174
259	69
260	69	73
261	69	143
262	70	228	276	405
263	70	130
264	71	213
265	71	203
266	71	213
267	72	117	128	161	230	241	319
268	72	161	230	241	319	320
269	73
270	73
271	73	323
272	73	288
273	73	288
274	73
275	74
276	74	575
277	74	548
278	74
279	74
280	75	93	192	199	312
281	75	93	201	419	458
282	75	93	309	312
283	76	125	265
284	76	116
285	76	278	546
286	77	139
287	78	463
288	79	117	137	188	248	269
289	79
290	79	82	107	108	117	133
291	79	107	108	117	133	135
292	79	82	169
293	80	99	270
294	80	96
295	80	556
296	81
297	81
298	82	256
299	82	193	230	241	318	319	320
300	82	117	147	229	256
301	82	104	117	173	189
302	82	169
303	82	117	186
304	82
305	82
306	82	293
307	82	104	117	133
308	82	104	117	133	141	188	256
309	82	88	104	117	226	239	240	248	258	259
310	82	193	381	562
311	82
312	82	117
313	83	223	313
314	83
315	83	120
316	83
317	84	176
318	84	136
319	84
320	84	90
321	84
322	85	140
323	85	106	153	209
324	86	143	409	410
325	86	117	143	176	216	218	257	289	323
326	86	107	143	587
327	86	117	143	157	240
328	87
329	87	150	204
330	88	104	107	159	216	226	239
331	88	104	117	133	239	240	248	259
332	88	104	239	240	248	258
333	89	178
334	90
335	91	104	117	133	146	147	193	240	324
336	92
337	92
338	92	272
339	92
340	93
341	93	328
342	94
343	94	213
344	94	203	290
345	94	554
346	95
347	96	270
348	97	539
349	97
350	97	480
351	97	235	290
352	98
353	98	295
354	99	109	199
355	99
356	100	193	225	226
357	100	394
358	100	193	225
359	101	103
360	101
361	101
362	102
363	102	365	448	455
364	103	551
365	103	541
366	103	551
367	103
368	103	352	452
369	103	550
370	103	251	553
371	103	552	553
372	103	125	550
373	104	117	133	147	169	293
374	104	117	133
375	104	117
376	104	117	133	147	159
377	104	117	239	240
378	104	133	147	293
379	104	117	133	293
380	104	117
381	104
382	104	117	177
383	104	133	256	323
384	104	117	133	147	169	293
385	104	117	133	147	169	293
386	104	117	160	225	226	256
387	104	117	118	133
388	104	117	147	188	248	249	299
389	105	231	232
390	105	486
391	107	244
392	107	587
393	107	560
394	109	199	272	312
395	110	479
396	110
397	110	543
398	111
399	111	300	307
400	111
401	111
402	112	182	295
403	113	182	208	295
404	114
405	114
406	115
407	115
408	115	116	242	253
409	116	245
410	116
411	116	577
412	116
413	116
414	116	243
415	117
416	117	188	249
417	117	193	321	323
418	117
419	117
420	117	226
421	117
422	117
423	117	287
424	117	133	172
425	117
426	117
427	117
428	117	225	226
429	117
430	117	226
431	117
432	117	134
433	117	256
434	117	226
435	117
436	117	294
437	117	186
438	117	226
439	117	226
440	117	133
441	117
442	117
443	117	225	226
444	117	133	147
445	117
446	117	132	218	303
447	117
448	117	225	294
449	117	133	305
450	117	215	246	306
451	117	221
452	117
453	117	221
454	117	136
455	117
456	117	221
457	117
458	117
459	118	147
460	119	556
461	120
462	121	122	123	224
463	121	122	589
464	122	224	290
465	123	200
466	123	224	588
467	124
468	124	156
469	124
470	124	175
471	124	200	211
472	124
473	124	211
474	125	223
475	125
476	125
477	125	200	211
478	125	144
479	125	265
480	126	163	265
481	127	265
482	127	265
483	128
484	129
485	129	420	463
486	129	420	454	463	504
487	129	463
488	129	463
489	129
490	129	315	380	499
491	129
492	129
493	130
494	131	271	297
495	133	256
496	133	159
497	133
498	133
499	133	153	226
500	134	327	342	344	365	379	418	455	483	489
501	134	284	442
502	134	284	378	442
503	134	423	456
504	134	361	479
505	134	361	442	479
506	134	473	558
507	134	350	423	525
508	134	423
509	134	557	558
510	136
511	136	244
512	136
513	136
514	136
515	136	244
516	137
517	137
518	137	249
519	137	364	425
520	139	534
521	139
522	139
523	143
524	143	374	398
525	143
526	143
527	143	154
528	143
529	143
530	143	572
531	143
532	143	374
533	143
534	143
535	144	167	265
536	145
537	145	275
538	145
539	145
540	148
541	148	271
542	149	150	190	203	204
543	149	150	204
544	149	150
545	150
546	150	187	267
547	150	190
548	150
549	150
550	150
551	150
552	150
553	150
554	150	187	214
555	150
556	150	190	191
557	151	200
558	151	234
559	152
560	152	234
561	152
562	152	211
563	152
564	152	200	211	234
565	152
566	152	210	223	253	310	313
567	154
568	154
569	154
570	155	264
571	155	271
572	155
573	155	271	297	298
574	156
575	158
576	160	161
577	161
578	161	411
579	161	411
580	162
581	163	262
582	163
583	164
584	165
585	166
586	167
587	167
588	168
589	168	440
590	168
591	169	180	193	225
592	170
593	171
594	171	285	286	289
595	171	289	522
596	171	285	478
597	172
598	172
599	173	179
600	173	572
601	175
602	175
603	175	271	277
604	176	578
605	177	180	225	573
606	178	180	193	205	225
607	181
608	181	190
609	183
610	183	192
611	183	429
612	184	271
613	184	271
614	185	242	311
615	185
616	188
617	188
618	188
619	188
620	188	256
621	190
622	190	271
623	191	204
624	192
625	192
626	192
627	192
628	193
629	193
630	193	241	318	319	320
631	193	226
632	193	225
633	194
634	194	323	324
635	195	196	197
636	197
637	198	366
638	198	412	460
639	199	312
640	200	313
641	200	313
642	200	211
643	200
644	200	211	310	313
645	200	211	313
646	200	211	271	272	310	313
647	200
648	201	291	419	458
649	201	291	419	458
650	201	291	419	458
651	201
652	202
653	202
654	203
655	203	261	262
656	203	261	262
657	203	261	262
658	203	271	272
659	203	262	263	281
660	203	213	274
661	203	213
662	203
663	203	272
664	203
665	203
666	203	262	263
667	203	317
668	203	262
669	205	531
670	205	250
671	206
672	206	223
673	207
674	207
675	207	325	571
676	208
677	208	278
678	208
679	210
680	211
681	211	213
682	211
683	211
684	211	212
685	212	253	313
686	212	271	273
687	213
688	213
689	213
690	213
691	213	271
692	213
693	213
694	213
695	214
696	214
697	214
698	214
699	214	251
700	214
701	215	246
702	217
703	217	596
704	217
705	218	321
706	218	321	395	511
707	218
708	218
709	219	220	282	440	529
710	219
711	219	220
712	219	529
713	219	220
714	220	301
715	220
716	221	566
717	222
718	223
719	223	262	271
720	223
721	224	386	482	588
722	225	239	240	244
723	225
724	226	269
725	226
726	227	316	317
727	227
728	227
729	228
730	229	256
731	231	460
732	232	590
733	232	590
734	233	236	271
735	234
736	235	290
737	236
738	236
739	236	271
740	237
741	238
742	238	345	376	431
743	238
744	238	565
745	242
746	242
747	242
748	242	412
749	242
750	242	586
751	243
752	244
753	244
754	244
755	245	265
756	246	522
757	247	289	404
758	247
759	247
760	247	404
761	247	289
762	247	289	404
763	250
764	252
765	252
766	252	257	380
767	252
768	253
769	253
770	254
771	255
772	255	377	491	498
773	255	561
774	256
775	256
776	260	296	322
777	260
778	262
779	262
780	262	271	272
781	265
782	265	271	310
783	265
784	265
785	265
786	265
787	266	427	451
788	267
789	268
790	268
791	270
792	270
793	270	274
794	271
795	271
796	271
797	271
798	271
799	271
800	271
801	271
802	271
803	271
804	271
805	271
806	271
807	271
808	271
809	271
810	271
811	271
812	271
813	271
814	271
815	271
816	271
817	271	290
818	271	272
819	271	272
820	271
821	271
822	271
823	271
824	271
825	271	272
826	272
827	273
828	275	519
829	275
830	276	405
831	276
832	276	583
833	276
834	276
835	276	405	583
836	277
837	279	441
838	279
839	279
840	279	478
841	279
842	279	506
843	279	289	360
844	279	441
845	280	403	406	421	477
846	280	403
847	280	406
848	283
849	283	544
850	286
851	286
852	287
853	289	540
854	289
855	289
856	289	559
857	289	559
858	290
859	290
860	291
861	292
862	295
863	298
864	298
865	299	516
866	301
867	302
868	303	578
869	304	331	447
870	304
871	305	528
872	306
873	307	343	536
874	309	328	429
875	310
876	310
877	310
878	311	316
879	313
880	313
881	313
882	313
883	313
884	315
885	323
886	323	324	434	476	484
887	323
888	324
889	324
890	324
891	325	388
892	326	418
893	326
894	326	428
895	326	338	342	378	418	473
896	327	348	408	489
897	327	348	408
898	327	348	400
899	328
900	329
901	330
902	330	401
903	330	443	457	525
904	331	472	514
905	331
906	331
907	332	334	335	339	402	415
908	332	334
909	332	437
910	333	349	466	470
911	333	349	466	470
912	333	349	354	470	500
913	334	435
914	334	392	435
915	335	437
916	336	356	416	443
917	336	443	457	530
918	336	356	443
919	336	443
920	336	443
921	337	513	521
922	337	514
923	337	513
924	337	459	521
925	337	486	488
926	337	497	521
927	337	362	407	426	520
928	337
929	338	424	558
930	338
931	338
932	338	359	456
933	338	359	424	492	557
934	338	359	424	492	557
935	339	517
936	339
937	339	435
938	340	422	471
939	341
940	343	461
941	344
942	345
943	345
944	345
945	345
946	346	435
947	346
948	347	435
949	347	485
950	348
951	348
952	348	393	496
953	348
954	348
955	350	525
956	351
957	351
958	351
959	351
960	351
961	351
962	351
963	351	506
964	351
965	352
966	353	381	430
967	353	483
968	354
969	354
970	355
971	355
972	355
973	357	384	415
974	357
975	358
976	358	474
977	358	474
978	358	430
979	358	436
980	359
981	362
982	363	503
983	363	465
984	364
985	364	425
986	364
987	365
988	365	455
989	365	379
990	365
991	365	419	448
992	365
993	366	462	512	515
994	366	515
995	367
996	367	523
997	367
998	368
999	369
1000	369	461
1001	369
1002	369
1003	369
1004	370	494
1005	370	533
1006	370	533
1007	370
1008	371	486	502
1009	371
1010	372
1011	372	509	515	520	526
1012	373	498
1013	373	532
1014	373	375	506	519	527
1015	374
1016	375
1017	375
1018	375
1019	375
1020	376
1021	376
1022	377
1023	377	508	510
1024	377
1025	380	391	433
1026	381
1027	381	430	483
1028	382	390
1029	383	505
1030	383	418
1031	383	505
1032	384	592
1033	385
1034	386
1035	386
1036	387
1037	387	493
1038	388
1039	388
1040	389
1041	391
1042	392
1043	393
1044	393
1045	394	411
1046	394
1047	394	411
1048	394
1049	394
1050	394
1051	395
1052	396
1053	396
1054	396
1055	396	449
1056	397
1057	397
1058	397	430
1059	397
1060	397
1061	397
1062	398
1063	399
1064	400
1065	401
1066	402
1067	404
1068	404
1069	404	416	525
1070	405	468
1071	405	585
1072	406
1073	407	509	520
1074	407	519
1075	407	520
1076	409
1077	409
1078	409
1079	410
1080	411
1081	411
1082	411
1083	411
1084	412	520
1085	412	515	526
1086	413
1087	414
1088	417
1089	417
1090	418
1091	418
1092	418
1093	418
1094	418
1095	419	452
1096	421
1097	422
1098	422
1099	423
1100	423	456
1101	423	530
1102	423
1103	426
1104	426	497	515
1105	427
1106	428
1107	429	493
1108	431
1109	432
1110	433
1111	435
1112	435
1113	436
1114	437
1115	437
1116	438
1117	438	500
1118	439	469
1119	439	460
1120	439
1121	443	591
1122	443
1123	443	537
1124	444	517
1125	445
1126	445
1127	445	446
1128	445
1129	445	507
1130	445	446
1131	446	523
1132	446	523
1133	446
1134	447
1135	448
1136	448
1137	448
1138	448
1139	448
1140	451
1141	451
1142	453	540
1143	453	540
1144	454
1145	456
1146	456	564
1147	457
1148	458
1149	459	475
1150	460	515
1151	460
1152	461	536	581
1153	462
1154	464
1155	465
1156	467	498
1157	467
1158	467	468
1159	469
1160	469
1161	471
1162	471
1163	471
1164	471
1165	471
1166	472
1167	475
1168	475
1169	475
1170	476
1171	477
1172	477	585
1173	479
1174	479
1175	480
1176	480
1177	480
1178	480
1179	480
1180	481	595
1181	481	482	582
1182	483
1183	485
1184	485
1185	486	502
1186	488
1187	491
1188	493	509	519	520
1189	493	509	519	520
1190	494
1191	495	519
1192	495	584
1193	495
1194	496
1195	497	520
1196	497
1197	498
1198	498
1199	498
1200	498
1201	498
1202	498
1203	498
1204	498
1205	498	524
1206	498	519
1207	498
1208	498
1209	498	519
1210	499
1211	499
1212	500
1213	501
1214	501	584
1215	503
1216	504
1217	505
1218	506
1219	506
1220	506
1221	507
1222	507
1223	508
1224	510
1225	511
1226	512
1227	513
1228	515
1229	515
1230	516	571
1231	518
1232	518	519
1233	519
1234	519
1235	519
1236	519
1237	519
1238	519
1239	520
1240	520
1241	520
1242	521
1243	521
1244	521
1245	522
1246	523
1247	524
1248	525
1249	527
1250	528
1251	532
1252	537
1253	538
1254	538	565
1255	539	554
1256	541
1257	543
1258	545	592
1259	545	549	592
1260	546
1261	546
1262	547
1263	547
1264	548
1265	549
1266	552
1267	553
1268	554
1269	556
1270	556
1271	557	558
1272	558
1273	561
1274	562
1275	563	567
1276	563	577
1277	563	577
1278	563	567	593
1279	563	593
1280	563
1281	563
1282	564
1283	565
1284	566
1285	568
1286	569
1287	570	589	596
1288	570
1289	572
1290	573
1291	573
1292	574	579
1293	574
1294	574	579
1295	575
1296	576
1297	577
1298	579
1299	579
1300	579
1301	580
1302	581
1303	581
1304	581
1305	582
1306	583
1307	585
1308	585
1309	586
1310	588
1311	591
1312	592
1313	594
1314	595
1315	596
1316	596
1317	596
