0	1	2	3	4	5	6	7	8	9	10	11
12	13	14
15	16	17	18	19
20	21
22	23
24	25	26	27	28	29
30	31
32	33	34
35	36
37	38	39	40	41	42	43	44
45	46
47	48	49	50	51	52
53	54	55	56	57
13	58	59	60	61	62	63
64	65	66	67
68	69	70	71	72	73	74	75
12	69	76	77	78	79	80	81	82	83	84	85	86	87	88
89	90	91	92	93	94
91	95	96	97	98	99	100
96	101	102	103	104	105	106
107	108	109	110	111	112	113
114	115
22	116
117	118
119	120
121	122	123	124	125	126	127
46	128
129	130
131	132	133	134	135	136	137	138	139
91	95	140
141	142
143	144	145	146
59	60	147
124	125	126
148	149
12	150
96	106	151	152	153	154	155	156	157	158
91	99	159
6	152	160	161	162	163	164	165	166	167
127	168
80	169	170	171	172	173	174
175	176
16	17	18	177
47	178	179
180	181	182	183
95	147
184	185	186
143	187
42	104	188	189
103	190
107	191	192	193
194	195
196	197
198	199	200
2	201	202
203	204	205
69	70	74	77	78	80	97	121	206	207	208
209	210	211	212	213
59	62	91	141	214	215	216	217	218	219	220	221	222
30	223	224
12	83	106	225	226	227	228	229	230	231
232	233
234	235
166	236	237
49	161	164	238	239	240	241	242	243	244	245	246	247
178	248
54	55	57	249	250	251	252	253
12	49	78	173	225	254	255	256	257
42	258
104	126	157	163	259	260	261
262	263
16	18	264	265	266
13	38	59	60	62	63	91	159	214	219	267	268
54	55	57	252	260	269	270	271	272	273	274
144	275	276	277	278	279
280	281	282
115	283	284	285
244	286
12	287
91	125	288	289	290	291	292
293	294	295
1	26	138	296	297
13	56	62	122	125	126	169	173	217	237	249	290	292	298	299	300	301	302	303	304	305	306	307	308	309	310	311	312
119	120	313	314	315	316
12	84	203	204	205	317	318	319	320	321
54	57	322	323
51	166	236	246	324	325	326	327
328	329
121	309	330	331	332
95	333
320	334
123	127	335
2	336	337	338	339
280	281	282	340	341
16	18	19	342	343	344	345
127	346
294	347
348	349	350	351
352	353
293	354	355
159	356	357	358
359	360	361
362	363
359	364	365	366	367	368	369	370	371	372
33	91	122	123	124	126	140	157	237	301	307	308	309	330	331	332	335	373	374	375	376	377	378	379	380	381	382	383	384	385	386	387	388
389	390
54	55	57	249	250	252	253	323
105	163	290	291	326	330	391	392	393
105	290	291
354	394
48	395	396	397
210	398	399	400	401
24	402
24	403
24	224	404	405
406	407	408
284	408	409	410	411	412	413	414
13	36	37	40	42	43	59	62	91	95	97	103	105	122	123	124	125	126	127	147	157	159	169	189	214	217	237	267	288	290	291	300	301	303	307	308	309	312	325	327	331	335	373	374	375	376	377	379	380	382	384	385	386	387	388	415	416	417	418	419	420	421	422	423	424	425	426	427	428	429	430	431	432	433	434	435	436	437	438	439	440	441	442	443	444	445	446	447	448	449	450	451	452	453	454	455	456	457	458
387	459
89	460
119	120	178	315	461
462	463
462	463	464
462	465	466
109	467	468	469	470	471	472	473
107	115	193	283	372	474	475	476	477	478	479
193	480
481	482
13	38	58	59	60	61	62	63	141	215	253	267	483
12	484	485	486	487	488	489	490	491	492
263	493
31	494
121	126	446
36	42	91	105	121	123	124	126	127	140	189	290	291	307	308	331	335	373	374	376	378	379	383	384	385	387	424	440	444	449	495	496	497	498	499
79	432	500	501	502	503	504	505	506	507	508	509
105	253	291
119	120	318	454	510	511	512	513	514	515
288	516	517	518	519
91	97
49	167	169	286	520	521	522
55	57	322
96	308
61	91	141
12	51	82	88	91	160	163	166	207	236	243	246	261	324	325	326	327	523	524	525	526	527	528	529	530	531	532	533	534
478	535
536	537	538	539
91	123	335
123	124	126	127	169	300	335	373	376	378	384	385	388	444	459
540	541
542	543	544
143	329	542	543	544	545	546	547	548	549	550	551	552	553	554	555	556
557	558
559	560	561	562	563	564	565	566
32	249	252	323	499
12	57	150	198	527	567	568	569
149	570	571	572	573
468	574
243	327
22	184	575
104	237	330	376	496
386	576
13	38	59	60	62	63	91	159	214	219	222	267	268	576	577	578	579
103	580
480	581	582
12	150	583
54	584
152	585
535	586	587
588	589	590
91	97	292	302	373	384	385	591
36	592
206	237	593	594	595	596
38	62	214	221	424	597	598
98	301	599	600
54	189	258
470	601	602	603
173	317	325	604
91	382	605
91	95	97	333	606
98	599
91	104	591	605	606
607	608
24	402	403
609	610	611
612	613
614	615
41	303	437
546	554
127	288	308	388	416	616	617	618	619	620
96	158	301
143	542	547	556	608	621	622
556	623
89	196	280	610	624	625	626	627
42	123	214	215	217	222	299	310	335	356	358	417	591	606	628	629	630	631	632
633	634
110	635
110	113	635
635	636
637	638
280	354	394	639
109	234	465	471	477	557	564	640	641	642	643	644	645	646	647
194	195	281	648	649	650	651
138	652	653
20	21	146	240	265	344	542	654	655	656	657	658	659	660	661	662	663	664	665	666	667	668
329	542	543	623
12	68	69	70	72	606	669	670
671	672
673	674	675
24	403	676	677	678
32	323
566	679
234	235	471	473	477	562	564	642	644	645	646	680	681	682	683	684
684	685	686
15	16	18	19	232	264	266	343	660	661	681	687	688	689	690	691	692	693	694
554	695	696	697	698	699	700
450	701
325	330
702	703	704
325	446	705	706	707	708
22	709	710	711	712	713
709	711	713	714	715
451	453	456	716
89	90	91	92	93	94	717
3	183	234	313	474	566	672	718	719	720
462	464	466	721
42	43	91	95	123	159	217	356	358	386	428	443	448	591	605	606	632	722	723
13	42	59	60	62	63	91	99	104	126	159	189	214	215	222	309	330	356	386	420	428	430	434	438	439	443	499	631	724	725
117	146	726	727	728
262	729
300	730
13	59	60	62	63	214	222	267	268	299
389	731
389	732	733
234	734
558	560	564	735
351	736
734	737	738	739
79	740
89	741	742	743	744
121	125	126	309	330	331	332	377	722
123	124	125	126	309	327	331	332	335	377	722
13	58	59	60	62	63	91	214	215	220	222	267	268	299	630
29	408	614	745	746	747	748	749	750
414	751
391	511	515	722	752	753	754
197	409	755
90	450	701	756
49	93	94	247	757	758	759	760	761	762
124	126	288	309	331	332	388
125	388	416	518
12	68	69	70	71	72	73	74	75	160	163	167	206	208	256	670	763
370	699
764	765	766	767
175	408	566	685	768	769
64	66	770
145	771	772	773
33	298	300	308	383	386	433	495	620	730	774	775
325	766
309	332
126	309	331
776	777
655	656	657
178	581	655	656	657	659	666	668	719	778	779	780
178	659	666
191	570
107	115	283	479	480	481	482	535	755	781	782	783	784	785	786
153	787
546	788
184	201	202	789	790
95	288	724
293	347	791	792	793
24	178	494	541	571	573	603	612	613	622	646	658	686	691	719	734	739	780	782	794	795	796	797	798	799	800	801	802	803	804	805	806	807	808	809	810	811	812	813	814	815	816	817	818	819	820	821	822	823	824	825
338	394	646	658	663	780	818	819	825	826
686	827
660	793
537	828	829
45	118	262	830	831	832	833	834	835
603	836
285	677
12	14	150	837	838	839	840	841	842	843	844
845	846	847
143	659
22	709
12	83	106	225	226	227	228	229	230	231	848	849
501	502
80	91	93	94	163	170	171	172	594	596
594	850	851
423	852
272	273
12	49	91	93	94	237	238	254	255	256	325	594	595	757	761	762	843	853	854	855	856	857
16	18	177	232	344	351	464	736	817	858	859
194	195	648	649	650	860
22	861
306	373	378	379	384	385
436	448
24	353	402	403	862
24	25	776
149	494	573
149	573	863	864
388	865
10	399
714	866
59	61	867
446	868
869	870
449	871
450	872
399	873
124	126
282	874
566	644	646	782	875	876	877
614	878
280	282	394	639
176	313	566	640	641	644	645	646	685	879	880	881	882	883
225	227
210	490	884
726	878
117	667	726
59	60	62	147	214	299	630
59	60	62	63	214	215	267	268	299	630
214	268	299	630
417	705	706
197	776
123	124	126	159	246	249	250	271	325	383	417	634	885	886	887
36	123	335	634	886	888	889	890
675	891
892	893	894	895
500	896	897	898
341	874	899
68	900
901	902	903
869	904	905	906
907	908	909
131	132	133	137	910	911	912
907	908	913	914
907	915
916	917	918	919	920
921	922	923	924	925	926	927	928
895	929	930	931	932	933	934
133	135	907	935	936	937
199	938
134	939
500	895
873	940
500	941
89	742	942	943	944	945
946	947
948	949
896	897	898	950	951	952	953	954
136	910	911	912
507	955
956	957	958	959	960	961	962	963	964
368	965
966	967
912	968	969
229	970	971	972
916	918
973	974
975	976	977	978	979
932	933	934	980
14	843
504	505
927	981
982	983
519	984	985	986
363	500	987	988	989	990	991	992
637	993	994
995	996	997
75	998
999	1000	1001	1002	1003
156	1004	1005	1006	1007
1008	1009
1010	1011
1012	1013	1014
207	524	532	1015
1014	1016	1017	1018	1019
89	742	1020	1021
772	1022	1023	1024
502	895
500	989
490	766	1025
310	966	1026	1027
80	1028
1029	1030	1031
973	1032
151	1033
721	1034	1035
1036	1037
891	1038	1039
151	1040
86	1028
1025	1041
914	1042
952	1043	1044
72	357	1045	1046	1047	1048	1049	1050
706	1051
70	1052	1053	1054	1055
1056	1057	1058	1059	1060	1061
524	1062
136	1063
898	1064
902	1065
907	1066
845	846
219	757	760	762	1067	1068	1069
262	830	835	1070	1071
845	847	1072
927	1073	1074	1075
896	897
324	1076	1077	1078
324	1079
220	578	579	1045	1047	1080	1081	1082	1083
638	748	1084	1085
220	1086
206	1087
907	973
916	1069
198	1088	1089
500	892	895	1030	1090	1091	1092	1093	1094
194	195	281	648	649	650	991	1095
129	485	486
845	1096
199	200	938	1097	1098
503	507	508	1099	1100	1101	1102
929	933	934
519	985
927	1103	1104
96	153	787	1105
894	1106
611	874	1107
966	978	1027	1058
89	742	1108
186	1109
1025	1110
100	886
913	914	937	946	948	1111	1112
979	1113
909	915	1114	1115
1116	1117
1118	1119	1120
589	709
837	844
501	502	505
164	903	916	917	918	919	920	1121	1122	1123
132	134	1124
1125	1126	1127	1128	1129	1130
1127	1130	1131	1132	1133
869	1134
363	991	1135	1136	1137	1138	1139
70	1055
74	80	206
85	96	153	787	1140	1141
368	1095
93	171	172	174	1142	1143
486	1144
363	500	988
503	932	1100	1145	1146
903	917	1147
194	195	281	648	649	650	1148
924	1149
638	731	1119	1150	1151
940	1000	1152
65	993	1153
287	485	486	487	488
34	69	81	1154
151	983	1155
910	911
1156	1157	1158
1070	1158
1118	1159	1160
910	911	912
938	1161	1162	1163	1164	1165
904	1166
506	895
976	977
1149	1167	1168	1169
886	1170
845	1171	1172
14	170	171	172	596	840
395	504	505	1173	1174
350	1175	1176	1177	1178	1179
1180	1181
721	1181
500	967	1027	1182
83	886
949	1183	1184
390	925	1008	1185
93	94
925	1186
500	896
74	80
772	1187
933	934
1037	1107	1188	1189
1004	1190
1191	1192	1193
952	1194
926	1104	1195	1196
772	1012	1156	1197	1198	1199	1200	1201	1202	1203	1204	1205	1206	1207	1208	1209
490	1210	1211
912	1117	1212
1213	1214
1008	1185
982	1215
486	1216
1029	1031	1217
842	963	1014	1218	1219	1220
1129	1221	1222
72	1023	1223
1011	1073	1188	1189
72	1023	1224
706	1225
993	1226
921	923	1227
904	922
993	994	1011	1085	1104	1150	1228	1229
865	1230
139	935	1124
1231	1232
828	1014	1074	1188	1189	1191	1206	1209	1232	1233	1234	1235	1236	1237	1238
927	1011	1073	1075	1084	1188	1189	1195	1239	1240	1241
921	924	926	1242	1243	1244
90	595	756	1245
76	996	1131	1132	1246
1205	1247
244	507	903	955	1069	1248
1011	1085
1014	1249
871	1250
709	712
190	917	1101
71	669
1013	1251
1005	1006
92	155	520
80	96	153	158
873	1152
1123	1252
79	1253	1254
348	1255
93	853	1142	1143
365	1256
226	230
397	1257
227	849
1258	1259
285	1260	1261
230	1262	1263
277	1264
1259	1265
369	372
364	366
371	1266
370	371	1267
345	1255	1268
211	213
295	460	1269	1270
509	933	934	1271
506	509	929	1271	1272
856	857
93	255	393
773	1273
93	94	310	1274
1275	1276	1277	1278	1279	1280	1281
1146	1282
79	246	744	1254	1283
716	1284
1275	1278
162	1285
213	1286
1287	1288
675	1230
530	600	1289
605	1290	1291
1292	1293	1294
276	1295
228	1296
411	1276	1277	1297
604	868
211	213	1292	1294	1298	1299	1300
79	1301
1152	1302	1303	1304
1181	1305
832	835	1306
1192	1214
1071	1172	1307	1308
750	1309
326	392
466	721	1310
463	1287
732	733
1121	1311
1032	1258	1259	1312
1278	1279
213	1313
1180	1314
703	1287	1315	1316	1317
