0	2	3	4	5	6	7	9	16	20	21	22	24	25	26	28	30	31	109	110	111	112	113	114	115	117	118	119	120	122	147	150	152	153	179	180	185	187	193	197	198	199	202	203	215	217	229	230	240	241	245	246	247	248	251	253	254	271	272	288	289	290	291	299	300	301	302	303	320	333	334	335	348	349	352	354	355	357	363	364	365	374	382	404	410	411	412	413	414	415	416	418	419	420	421	423	424	472	473	474	475	476	477	478	479	480	481	482	483	486	487	488	489	490	491	493	494	506	547	548	549	550	551	553	554	555	556	558	559	560	561	562	563	564	565	567	568	569	570	571	572	573	575	576	577	578	582	583	584	585	586	587	593	594	598	613	614	615	619	624	625	626	627	633	634	635	647	648	652	653	654	655	656	657	658	659	666	667	668	669	670	671	672	673	674	675	676	677	678	679	680	681	682	685	686	690	691	692	693	695	696	697	698	699	700	701	702	703	707	710	711	712	729	730	731	734	735	736	737	744	747	752	753	755	756	757	759	767	768	769	789	790	797	799	800	802	803	804	805	806	807	812	813	814	815	816	817	818	819	820	821	822	823	824	825	826	827	828	829	830	831	833	834	837	838	839	840	841	842	843	844	845	846	848	853	854	855	856	857	858	859	860	873	874	875	891	892	893	897	907	908	909	910	911	912	913	915	1116	1156	1159	1160	1197	1272	1369	1394	1395	1403	1405	1464	1525	1568	1612	1613	1668	1669	1670	1671	1674	1715	1727	1768	1775	1797	1798	1802	1810	1837	1838	1839	1840
15	17	18	19	83	143	172	183	184	188	189	218	239	281	292	351	353	358	621	622	636	694	704	758	810	811	832	835	847	888	890	902	1045	1046	1065	1067	1100	1115	1117	1118	1124	1155	1157	1158	1195	1293	1295	1297	1299	1301	1377	1400	1401	1402	1446	1472	1634	1653	1733	1773	1774	1816	1834
13	14	32	33	34	35	36	37	38	39	40	41	42	43	44	47	48	50	51	52	53	54	55	56	57	58	59	60	61	62	63	68	69	70	71	72	73	74	75	77	80	81	84	85	86	88	89	90	91	93	94	95	96	97	98	99	100	103	104	105	106	107	108	116	121	123	124	125	126	127	128	129	142	144	145	151	155	156	158	159	161	162	163	170	171	173	174	175	176	177	178	194	195	209	210	211	212	213	214	220	221	222	223	224	225	226	227	228	231	232	233	234	235	236	237	242	243	244	249	252	255	256	257	259	261	262	263	266	273	274	275	276	277	278	279	280	295	296	297	304	305	306	307	308	309	310	313	314	315	316	318	323	324	325	326	327	329	332	338	339	340	341	342	345	356	366	367	368	375	383	384	385	386	387	388	389	390	391	392	393	394	395	396	397	398	401	402	403	409	422	425	426	427	428	429	430	431	432	433	434	435	436	437	438	439	440	441	443	444	445	446	447	448	449	450	451	452	453	456	457	458	459	460	461	462	463	464	465	466	467	468	469	470	495	507	508	509	510	511	522	523	524	525	526	527	528	530	534	536	538	541	544	546	552	588	589	590	591	592	599	603	606	607	608	609	611	612	617	618	632	637	640	641	642	643	644	645	646	683	684	687	688	689	715	722	733	740	741	742	743	748	760	761	764	773	774	775	776	778	779	780	781	782	783	784	795	796	798	808	862	866	867	876	877	878	886	894	917	918	919	920	922	926	927	937	938	972	973	989	992	993	995	1028	1052	1068	1071	1073	1089	1097	1098	1099	1101	1103	1104	1105	1120	1134	1135	1136	1137	1138	1151	1152	1153	1154	1161	1168	1194	1196	1214	1219	1222	1227	1253	1261	1271	1305	1306	1311	1312	1355	1396	1489	1503	1524	1561	1562	1598	1617	1654	1659	1680	1681	1752	1753
1	11	23	49	79	92	135	136	137	138	139	140	141	146	166	168	169	190	191	192	196	200	201	207	208	250	286	287	294	346	347	350	362	369	370	371	372	373	376	377	378	379	380	381	405	406	407	442	454	455	512	513	514	515	516	517	518	519	520	521	529	531	532	533	535	542	543	574	597	600	601	604	610	623	628	629	631	638	651	662	663	664	665	719	720	721	725	726	727	728	762	836	884	889	898	899	904	928	929	930	934	935	936	939	940	941	950	951	952	953	954	955	956	957	958	959	960	961	962	963	974	975	976	977	978	979	980	991	994	996	997	1007	1008	1009	1010	1011	1012	1013	1016	1021	1026	1027	1029	1030	1031	1033	1034	1035	1036	1037	1038	1039	1040	1043	1047	1048	1049	1050	1051	1053	1054	1055	1069	1072	1108	1109	1110	1111	1131	1132	1133	1140	1167	1169	1191	1213	1237	1238	1239	1240	1241	1242	1251	1254	1255	1256	1262	1279	1280	1281	1282	1283	1284	1285	1289	1290	1291	1292	1303	1304	1307	1322	1323	1329	1330	1397	1407	1411	1412	1438	1459	1474	1490	1527	1558	1590	1599	1600	1616	1624	1631	1632	1655	1656	1712	1787	1823	1825
8	10	27	29	45	46	65	130	148	149	186	268	269	282	283	284	285	311	312	317	319	321	322	330	399	400	417	471	492	505	620	630	649	650	705	706	709	713	732	745	746	749	750	751	763	765	766	792	793	794	852	900	901	903	906	914	921	942	943	944	964	965	966	967	968	969	970	971	982	1022	1061	1062	1078	1079	1083	1086	1087	1088	1093	1094	1095	1096	1119	1198	1199	1200	1201	1202	1212	1215	1216	1217	1220	1221	1246	1259	1260	1273	1286	1287	1288	1302	1313	1314	1331	1332	1333	1335	1368	1370	1371	1372	1378	1386	1387	1388	1389	1413	1422	1429	1430	1431	1433	1434	1435	1439	1440	1441	1442	1443	1444	1445	1447	1449	1450	1451	1452	1453	1463	1484	1491	1494	1495	1496	1506	1507	1508	1509	1510	1511	1512	1513	1514	1515	1516	1521	1522	1523	1526	1528	1539	1623	1657	1694	1716	1717	1801
12	64	66	67	76	78	82	87	133	134	154	157	160	164	165	167	204	205	206	216	219	238	258	260	264	265	267	270	293	298	328	331	359	360	361	408	496	497	498	499	500	501	502	503	504	537	539	540	545	557	566	579	580	581	595	596	602	605	616	639	708	714	716	717	718	754	777	785	786	787	788	791	801	809	861	863	864	865	868	879	881	882	883	885	887	916	981	1017	1018	1019	1020	1023	1024	1025	1032	1044	1066	1070	1074	1075	1076	1077	1082	1102	1114	1126	1139	1218	1233	1234	1252	1265	1294	1296	1298	1300	1316	1334	1356	1373	1374	1375	1376	1404	1406	1432	1448	1454	1455	1473	1479	1480	1481	1485	1486	1531	1672	1673	1729	1730	1731	1732	1790	1791	1792
101	102	880
131	132	905
181	182
336	337
343	344
484	485
660	661
723	724
738	739
770	771	772
849	850	851
869	871	872
870
895	896
923	924
925
931	932	933	988	1004	1005	1006	1145	1170	1171	1172	1173	1174	1175	1176	1177	1178	1179	1180	1181	1182	1183	1184	1185	1186	1187	1188	1189	1190	1308	1315	1349	1350	1351	1352	1353	1354	1487	1488	1532	1533
945	946	947	1125	1363	1364	1365	1499
948	949
983	984	985	990
986	987
998	999	1000	1001	1002	1003	1833
1014	1015
1041	1042
1056	1057	1058	1243
1059	1060
1064
1063
1399
1398
1080	1081	1360	1392
1084	1085
1091	1092
1090	1258	1587
1713	1714
1106	1107
1112	1113	1232
1122
1121	1123
1127	1128	1129	1130	1192	1193
1141	1142	1144
1143
1244	1245
1146	1148
1147
1149	1150	1728
1162	1163	1205
1164	1165	1166
1203	1204	1257
1206	1207
1208	1209	1210	1211
1224	1226
1223	1225
1229
1228	1230	1231	1497	1498
1235
1236
1247	1248
1250
1249
1263	1264
1266	1267
1268	1269	1270
1318
1274	1275	1276	1317	1319	1336	1337	1418	1419	1420	1421	1517	1518
1277	1278
1309	1310
1321
1320	1436	1437
1324	1325
1326
1327
1328
1343
1338	1339	1340	1341	1342	1346	1393
1345
1344
1347	1348
1357	1358	1359	1471
1460	1461	1462	1500
1361	1362
1366	1367
1379	1380
1381	1382	1519	1520
1383
1384	1385	1585	1586	1743	1744	1745	1746	1747	1748	1749	1750	1751
1391
1390
1408
1409	1410
1414	1415
1416	1417
1423	1424
1425	1426	1427	1428
1456	1457	1458
1465	1466	1467	1468
1470
1469
1475
1476	1477	1478
1482	1483
1492	1493
1501
1502
1504	1505	1540	1541	1542	1844
1529	1530
1534	1535	1536
1537	1538
1543	1544
1545
1546
1547	1548
1549	1550
1551	1552	1796
1554
1553
1555	1556	1557
1559	1560	1826
1563	1564	1627	1628
1565	1566	1567	1595	1620
1822
1569	1570
1571	1572
1573	1574	1575	1803	1804
1576	1577
1579
1578
1633
1580	1581
1582	1583	1584
1588	1589	1650
1591
1592
1593	1594	1805	1806	1807	1808	1809
1596	1597	1705	1706	1707	1708	1709
1601	1602
1605
1603
1604
1824
1606	1607	1608	1609
1610	1611	1658
1614
1615
1618
1619
1621	1622
1625	1626	1690	1691	1692	1693
1630
1629
1636	1637
1635	1638	1639
1640	1641	1642
1643
1644	1645
1646	1647
1648	1649	1651	1652
1660	1661	1662
1664
1663
1665	1666	1667
1676
1675	1677
1678	1679
1682	1683
1684
1685
1686
1687
1688
1689
1696
1695
1697	1698	1699	1700
1702
1701
1703	1704
1710	1711
1718	1719
1720	1721	1722	1723	1724	1776
1725	1726
1734	1735
1736	1737	1738
1739	1740
1741	1742
1754	1755
1756	1757	1758
1759
1760
1761	1762	1765
1763	1764
1766	1767
1769	1770
1771	1772
1777	1778	1779	1780	1781	1782
1783	1784
1785	1786
1788	1789
1793
1794	1795
1799	1800
1811	1812	1813	1841
1815
1814
1817	1818	1819
1820	1821
1827	1828	1829	1830
1831	1832
1835	1836
1843
1842
